-0.01 -0.00502714616100128
0 0
0.01 0.00497258184944451
0.02 0.00988977851688669
0.03 0.0147507593781746
0.04 0.019554684148497
0.05 0.0243007029909794
0.06 0.0289879566417372
0.07 0.033615576552333
0.08 0.0381826850506221
0.09 0.0426883955210143
0.1 0.0471318126052201
0.11 0.0515120324245897
0.12 0.0558281428252002
0.13 0.0600792236468866
0.14 0.0642643470174591
0.15 0.0683825776733921
0.16 0.0724329733083178
0.17 0.0764145849507011
0.18 0.0803264573721199
0.19 0.08416762952762
0.2 0.0879371350296586
0.21 0.0916340026571988
0.22 0.0952572569015595
0.23 0.09880591855067
0.24 0.102279005313422
0.25 0.105675532485856
0.26 0.108994513660951
0.27 0.112234961483836
0.28 0.115395888454275
0.29 0.118476307778295
0.3 0.12147523427088
0.31 0.12439168531168
0.32 0.127224681855664
0.33 0.129973249500743
0.34 0.132636419614311
0.35 0.13521323052074
0.36 0.137702728751808
0.37 0.140103970362072
0.38 0.142416022311152
0.39 0.144637963914898
0.4 0.146768888367369
0.41 0.148807904335494
0.42 0.150754137628276
0.43 0.152606732942284
0.44 0.154364855685139
0.45 0.156027693878591
0.46 0.157594460142683
0.47 0.159064393762374
0.48 0.160436762837851
0.49 0.161710866519619
0.5 0.162886037329246
0.51 0.163961643566488
0.52 0.164937091803264
0.53 0.165811829464726
0.54 0.166585347497399
0.55 0.167257183124084
0.56 0.167826922684881
0.57 0.168294204563365
0.58 0.168658722196571
0.59 0.168920227167036
0.6 0.169078532374718
0.61 0.169133515286161
0.62 0.169085121257763
0.63 0.168933366929508
0.64 0.168678343684933
0.65 0.168320221172549
0.66 0.167859250883284
0.67 0.1672957697779
0.68 0.166630203957619
0.69 0.165863072370519
0.7 0.164994990545493
0.71 0.16402667434483
0.72 0.162958943725659
0.73 0.161792726499713
0.74 0.160529062080037
0.75 0.159169105202402
0.76 0.157714129608366
0.77 0.156165531676042
0.78 0.154524833983772
0.79 0.152793688791059
0.8 0.150973881420264
0.81 0.149067333521726
0.82 0.147076106204188
0.83 0.145002403011615
0.84 0.142848572726783
0.85 0.140617111981298
0.86 0.138310667651144
0.87 0.135932039016236
0.88 0.133484179662041
0.89 0.130970199100913
0.9 0.128393364090512
0.91 0.125757099626517
0.92 0.123064989586797
0.93 0.120320777004268
0.94 0.117528363945932
0.95 0.114691810975945
0.96 0.111815336181147
0.97 0.108903313738184
0.98 0.105960272002275
0.99 0.102990891098777
1 0.1
1.01 0.0969925730711871
1.02 0.0939737260713318
1.03 0.0909487115963545
1.04 0.0879229139543056
1.05 0.0849018434645616
1.06 0.0818911301754958
1.07 0.0788965169978059
1.08 0.0759238522535654
1.09 0.0729790816441149
1.1 0.07006823964312
1.11 0.0671974403244584
1.12 0.0643728676380676
1.13 0.0616007651504247
1.14 0.0588874252699664
1.15 0.0562391779814095
1.16 0.0536623791166089
1.17 0.0511633981932524
1.18 0.0487486058562837
1.19 0.0464243609604687
1.2 0.044196997335907
1.21 0.0420728102815305
1.22 0.0400580428346657
1.23 0.0381588718675532
1.24 0.0363813940642589
1.25 0.0347316118336676
1.26 0.0332154192161636
1.27 0.0318385878431715
1.28 0.0306067530099106
1.29 0.029525399922485
1.3 0.0285998501807859
1.31 0.027835248558588
1.32 0.0272365501416818
1.33 0.0268085078838821
1.34 0.0265556606393072
1.35 0.0264823217274074
1.36 0.0265925680848818
1.37 0.0268902300558404
1.38 0.0273788818683898
1.39 0.0280618328422528
1.4 0.0289421193681121
1.41 0.0300224976951281
1.42 0.0313054375585623
1.43 0.0327931166746642
1.44 0.0344874161250277
1.45 0.0363899166474937
1.46 0.038501895845465
1.47 0.0408243263222108
1.48 0.0433578747414568
1.49 0.0461029018102988
1.5 0.0490594631753274
1.51 0.0522273112178083
1.52 0.0556058977289192
1.53 0.0591943774413977
1.54 0.0629916123895808
1.55 0.0669961770657145
1.56 0.071206364336639
1.57 0.0756201920815207
1.58 0.0802354105082437
1.59 0.0850495101033748
1.6 0.090059730168345
1.61 0.0952630678925833
1.62 0.100656287912877
1.63 0.106235932307128
1.64 0.111998330970029
1.65 0.117939612317834
1.66 0.124055714269556
1.67 0.130342395452272
1.68 0.136795246579083
1.69 0.143409701949293
1.7 0.150181051021822
1.71 0.157104450014463
1.72 0.164174933483533
1.73 0.171387425840548
1.74 0.178736752764825
1.75 0.186217652473399
1.76 0.193824786812156
1.77 0.201552752134793
1.78 0.209396089938917
1.79 0.217349297231403
1.8 0.225406836597918
1.81 0.233563145954309
1.82 0.241812647960357
1.83 0.250149759079103
1.84 0.258568898267628
1.85 0.26706449528777
1.86 0.275630998627763
1.87 0.284262883028168
1.88 0.292954656607748
1.89 0.301700867587141
1.9 0.310496110610151
1.91 0.319335032664434
1.92 0.328212338605089
1.93 0.337122796286301
1.94 0.346061241307645
1.95 0.355022581383033
1.96 0.364001800341476
1.97 0.372993961769896
1.98 0.381994212309207
1.99 0.390997784615634
2 0.4
2.01 0.408996270758255
2.02 0.417982102206985
2.03 0.426953094438027
2.04 0.435904943806581
2.05 0.444833444167364
2.06 0.45373448787349
2.07 0.462604066552729
2.08 0.471438271675803
2.09 0.480233294931191
2.1 0.488985428420832
2.11 0.497691064690794
2.12 0.506346696610793
2.13 0.514948917116083
2.14 0.523494418824915
2.15 0.531979993544396
2.16 0.540402531677172
2.17 0.548759021540937
2.18 0.557046548612359
2.19 0.565262294706549
2.2 0.573403537102737
2.21 0.581467647626392
2.22 0.589452091697522
2.23 0.597354427354435
2.24 0.605172304261803
2.25 0.612903462711372
2.26 0.62054573262323
2.27 0.628097032555096
2.28 0.635555368726631
2.29 0.642918834065371
2.3 0.650185607280419
2.31 0.657353951969657
2.32 0.664422215765803
2.33 0.671388829526264
2.34 0.678252306571341
2.35 0.685011241974969
2.36 0.691664311911825
2.37 0.698210273064259
2.38 0.704647962092173
2.39 0.710976295168644
2.4 0.71719426758374
2.41 0.723300953418669
2.42 0.729295505292096
2.43 0.735177154180138
2.44 0.740945209311248
2.45 0.746599058136938
2.46 0.752138166378928
2.47 0.757562078153096
2.48 0.762870416170256
2.49 0.768062882013545
2.5 0.773139256491884
2.51 0.778099400068718
2.52 0.782943253364948
2.53 0.787670837734647
2.54 0.792282255911925
2.55 0.796777692726957
2.56 0.801157415888916
2.57 0.805421776833247
2.58 0.80957121163043
2.59 0.813606241953027
2.6 0.81752747609754
2.61 0.821335610057254
2.62 0.825031428641926
2.63 0.828615806639841
2.64 0.832089710017424
2.65 0.835454197151245
2.66 0.838710420086924
2.67 0.841859625819054
2.68 0.84490315758595
2.69 0.847842456172627
2.7 0.850679061215084
2.71 0.853414612498574
2.72 0.856050851242206
2.73 0.858589621361843
2.74 0.861032870702911
2.75 0.86338265223437
2.76 0.865641125194762
2.77 0.867810556180905
2.78 0.869893320169477
2.79 0.871891901461413
2.8 0.873808894538767
2.81 0.875647004823362
2.82 0.877409049326362
2.83 0.879097957177618
2.84 0.880716770023455
2.85 0.882268642281418
2.86 0.883756841240329
2.87 0.885184746993945
2.88 0.88655585219644
2.89 0.887873761627947
2.9 0.889142191558424
2.91 0.890364968898244
2.92 0.891546030124039
2.93 0.892689419968586
2.94 0.893799289863794
2.95 0.894879896126217
2.96 0.895935597874961
2.97 0.896970854672354
2.98 0.897990223878332
2.99 0.898998357710181
3 0.9
3.01 0.900999982643096
3.02 0.902003221731444
3.03 0.903014713367323
3.04 0.904039529153351
3.05 0.905082811356285
3.06 0.906149767743204
3.07 0.90724566609002
3.08 0.908375828363658
3.09 0.909545624580694
3.1 0.910760466346806
3.11 0.912025800082929
3.12 0.913347099945695
3.13 0.914729860451376
3.14 0.916179588814295
3.15 0.917701797012365
3.16 0.919301993594233
3.17 0.92098567524418
3.18 0.922758318122737
3.19 0.924625369002672
3.2 0.926592236221666
3.21 0.92866428047469
3.22 0.930846805470634
3.23 0.933145048479205
3.24 0.935564170795623
3.25 0.938109248151824
3.26 0.940785261104168
3.27 0.943597085428651
3.28 0.946549482555543
3.29 0.949647090076158
3.3 0.952894412355027
3.31 0.956295811281156
3.32 0.959855497192332
3.33 0.963577520006415
3.34 0.967465760593456
3.35 0.971523922422057
3.36 0.975755523512905
3.37 0.980163888731562
3.38 0.984752142451674
3.39 0.989523201618544
3.4 0.994479769241682
3.41 0.999624328343333
3.42 1.00495913638827
3.43 1.01048622021823
3.44 1.01620737151217
3.45 1.02212414279155
3.46 1.02823784398722
3.47 1.03454953958206
3.48 1.04106004634122
3.49 1.04776993163875
3.5 1.05467951238694
3.51 1.06178885457205
3.52 1.06909777339687
3.53 1.07660583402838
3.54 1.08431235294567
3.55 1.09221639988042
3.56 1.10031680034023
3.57 1.10861213870163
3.58 1.11710076185804
3.59 1.12578078340487
3.6 1.13465008834213
3.61 1.14370633827277
3.62 1.15294697707293
3.63 1.16236923700872
3.64 1.17197014527238
3.65 1.18174653090943
3.66 1.19169503210725
3.67 1.20181210381434
3.68 1.21209402565895
3.69 1.22253691013504
3.7 1.23313671102319
3.71 1.24388923201378
3.72 1.25479013549993
3.73 1.26583495150772
3.74 1.27701908673152
3.75 1.28833783364293
3.76 1.29978637964255
3.77 1.31135981622419
3.78 1.32305314812281
3.79 1.33486130241784
3.8 1.34677913756534
3.81 1.35880145233321
3.82 1.3709229946156
3.83 1.38313847010364
3.84 1.39544255079144
3.85 1.40782988329779
3.86 1.42029509698546
3.87 1.43283281186195
3.88 1.44543764624672
3.89 1.45810422419203
3.9 1.47082718264579
3.91 1.48360117834659
3.92 1.49642089444264
3.93 1.50928104682787
3.94 1.52217639018987
3.95 1.53510172376591
3.96 1.5480518968046
3.97 1.56102181373203
3.98 1.57400643902253
3.99 1.5870008017754
4 1.6
4.01 1.61299920461272
4.02 1.62599366315017
4.03 1.63897870320405
4.04 1.65194973558361
4.05 1.66490225721284
4.06 1.67783185376961
4.07 1.69073420207509
4.08 1.70360507224199
4.09 1.71644032959067
4.1 1.72923593634259
4.11 1.74198795310084
4.12 1.75469254012782
4.13 1.76734595843018
4.14 1.7799445706615
4.15 1.79248484185303
4.16 1.80496333998306
4.17 1.81737673639533
4.18 1.82972180607697
4.19 1.84199542780629
4.2 1.85419458418067
4.21 1.86631636153456
4.22 1.87835794975759
4.23 1.89031664202244
4.24 1.90218983443186
4.25 1.91397502559421
4.26 1.92566981613634
4.27 1.93727190816246
4.28 1.94877910466755
4.29 1.96018930891309
4.3 1.97150052377312
4.31 1.98271085105789
4.32 1.99381849082224
4.33 2.00482174066543
4.34 2.01571899502888
4.35 2.02650874449792
4.36 2.03718957511317
4.37 2.04776016769702
4.38 2.05821929720031
4.39 2.0685658320738
4.4 2.07879873366888
4.41 2.08891705567151
4.42 2.09891994357321
4.43 2.10880663418221
4.44 2.11857645517809
4.45 2.12822882471246
4.46 2.13776325105801
4.47 2.14717933230816
4.48 2.15647675612893
4.49 2.16565529956446
4.5 2.17471482889734
4.51 2.18365529956446
4.52 2.19247675612892
4.53 2.20117933230816
4.54 2.20976325105801
4.55 2.21822882471246
4.56 2.22657645517809
4.57 2.23480663418221
4.58 2.24291994357321
4.59 2.25091705567151
4.6 2.25879873366888
4.61 2.2665658320738
4.62 2.27421929720031
4.63 2.28176016769702
4.64 2.28918957511317
4.65 2.29650874449792
4.66 2.30371899502888
4.67 2.31082174066543
4.68 2.31781849082224
4.69 2.32471085105789
4.7 2.33150052377312
4.71 2.33818930891309
4.72 2.34477910466755
4.73 2.35127190816246
4.74 2.35766981613634
4.75 2.36397502559421
4.76 2.37018983443186
4.77 2.37631664202244
4.78 2.38235794975759
4.79 2.38831636153456
4.8 2.39419458418067
4.81 2.39999542780629
4.82 2.40572180607697
4.83 2.41137673639533
4.84 2.41696333998306
4.85 2.42248484185303
4.86 2.4279445706615
4.87 2.43334595843018
4.88 2.43869254012782
4.89 2.44398795310084
4.9 2.44923593634259
4.91 2.45444032959067
4.92 2.45960507224199
4.93 2.46473420207509
4.94 2.46983185376961
4.95 2.47490225721284
4.96 2.47994973558361
4.97 2.48497870320404
4.98 2.48999366315017
4.99 2.49499920461272
5 2.5
5.01 2.5050008017754
5.02 2.51000643902253
5.03 2.51502181373203
5.04 2.5200518968046
5.05 2.52510172376591
5.06 2.53017639018987
5.07 2.53528104682787
5.08 2.54042089444264
5.09 2.54560117834659
5.1 2.55082718264578
5.11 2.55610422419203
5.12 2.56143764624672
5.13 2.56683281186195
5.14 2.57229509698546
5.15 2.57782988329779
5.16 2.58344255079145
5.17 2.58913847010364
5.18 2.5949229946156
5.19 2.60080145233321
5.2 2.60677913756534
5.21 2.61286130241784
5.22 2.61905314812281
5.23 2.62535981622419
5.24 2.63178637964255
5.25 2.63833783364293
5.26 2.64501908673152
5.27 2.65183495150773
5.28 2.65879013549993
5.29 2.66588923201377
5.3 2.67313671102319
5.31 2.68053691013505
5.32 2.68809402565895
5.33 2.69581210381434
5.34 2.70369503210725
5.35 2.71174653090943
5.36 2.71997014527238
5.37 2.72836923700872
5.38 2.73694697707293
5.39 2.74570633827277
5.4 2.75465008834213
5.41 2.76378078340487
5.42 2.77310076185804
5.43 2.78261213870163
5.44 2.79231680034023
5.45 2.80221639988042
5.46 2.81231235294566
5.47 2.82260583402838
5.48 2.83309777339687
5.49 2.84378885457205
5.5 2.85467951238694
5.51 2.86576993163875
5.52 2.87706004634122
5.53 2.88854953958206
5.54 2.90023784398722
5.55 2.91212414279155
5.56 2.92420737151217
5.57 2.93648622021823
5.58 2.94895913638827
5.59 2.96162432834333
5.6 2.97447976924168
5.61 2.98752320161854
5.62 3.00075214245167
5.63 3.01416388873156
5.64 3.0277555235129
5.65 3.04152392242206
5.66 3.05546576059346
5.67 3.06957752000642
5.68 3.08385549719233
5.69 3.09829581128115
5.7 3.11289441235503
5.71 3.12764709007616
5.72 3.14254948255554
5.73 3.15759708542865
5.74 3.17278526110417
5.75 3.18810924815182
5.76 3.20356417079562
5.77 3.21914504847921
5.78 3.23484680547064
5.79 3.25066428047469
5.8 3.26659223622167
5.81 3.28262536900267
5.82 3.29875831812274
5.83 3.31498567524418
5.84 3.33130199359423
5.85 3.34770179701236
5.86 3.36417958881429
5.87 3.38072986045138
5.88 3.39734709994569
5.89 3.41402580008293
5.9 3.43076046634681
5.91 3.44754562458069
5.92 3.46437582836366
5.93 3.48124566609002
5.94 3.4981497677432
5.95 3.51508281135628
5.96 3.53203952915335
5.97 3.54901471336732
5.98 3.56600322173144
5.99 3.5829999826431
6 3.6
6.01 3.61699835771018
6.02 3.63399022387833
6.03 3.65097085467235
6.04 3.66793559787496
6.05 3.68487989612622
6.06 3.70179928986379
6.07 3.71868941996859
6.08 3.73554603012404
6.09 3.75236496889824
6.1 3.76914219155842
6.11 3.78587376162795
6.12 3.80255585219644
6.13 3.81918474699395
6.14 3.83575684124033
6.15 3.85226864228142
6.16 3.86871677002346
6.17 3.88509795717762
6.18 3.90140904932636
6.19 3.91764700482336
6.2 3.93380889453877
6.21 3.94989190146141
6.22 3.96589332016948
6.23 3.98181055618091
6.24 3.99764112519476
6.25 4.01338265223437
6.26 4.02903287070291
6.27 4.04458962136184
6.28 4.06005085124221
6.29 4.07541461249857
6.3 4.09067906121508
6.31 4.10584245617263
6.32 4.12090315758595
6.33 4.13585962581905
6.34 4.15071042008692
6.35 4.16545419715124
6.36 4.18008971001742
6.37 4.19461580663984
6.38 4.20903142864193
6.39 4.22333561005725
6.4 4.23752747609754
6.41 4.25160624195303
6.42 4.26557121163043
6.43 4.27942177683325
6.44 4.29315741588892
6.45 4.30677769272696
6.46 4.32028225591193
6.47 4.33367083773465
6.48 4.34694325336495
6.49 4.36009940006872
6.5 4.37313925649188
6.51 4.38606288201354
6.52 4.39887041617026
6.53 4.4115620781531
6.54 4.42413816637893
6.55 4.43659905813694
6.56 4.44894520931125
6.57 4.46117715418014
6.58 4.4732955052921
6.59 4.48530095341867
6.6 4.49719426758374
6.61 4.50897629516864
6.62 4.52064796209217
6.63 4.53221027306426
6.64 4.54366431191182
6.65 4.55501124197497
6.66 4.56625230657134
6.67 4.57738882952627
6.68 4.5884222157658
6.69 4.59935395196966
6.7 4.61018560728042
6.71 4.62091883406537
6.72 4.63155536872663
6.73 4.6420970325551
6.74 4.65254573262323
6.75 4.66290346271137
6.76 4.6731723042618
6.77 4.68335442735443
6.78 4.69345209169752
6.79 4.70346764762639
6.8 4.71340353710274
6.81 4.72326229470655
6.82 4.73304654861236
6.83 4.74275902154094
6.84 4.75240253167717
6.85 4.7619799935444
6.86 4.77149441882491
6.87 4.78094891711608
6.88 4.79034669661079
6.89 4.79969106469079
6.9 4.80898542842083
6.91 4.81823329493119
6.92 4.8274382716758
6.93 4.83660406655273
6.94 4.84573448787349
6.95 4.85483344416736
6.96 4.86390494380658
6.97 4.87295309443803
6.98 4.88198210220699
6.99 4.89099627075826
7 4.9
7.01 4.90899778461563
7.02 4.91799421230921
7.03 4.9269939617699
7.04 4.93600180034148
7.05 4.94502258138303
7.06 4.95406124130765
7.07 4.9631227962863
7.08 4.97221233860509
7.09 4.98133503266443
7.1 4.99049611061015
7.11 4.99970086758714
7.12 5.00895465660775
7.13 5.01826288302817
7.14 5.02763099862776
7.15 5.03706449528777
7.16 5.04656889826763
7.17 5.0561497590791
7.18 5.06581264796036
7.19 5.07556314595431
7.2 5.08540683659792
7.21 5.0953492972314
7.22 5.10539608993892
7.23 5.11555275213479
7.24 5.12582478681216
7.25 5.1362176524734
7.26 5.14673675276483
7.27 5.15738742584055
7.28 5.16817493348353
7.29 5.17910445001446
7.3 5.19018105102182
7.31 5.20140970194929
7.32 5.21279524657908
7.33 5.22434239545227
7.34 5.23605571426956
7.35 5.24793961231784
7.36 5.25999833097003
7.37 5.27223593230713
7.38 5.28465628791288
7.39 5.29726306789258
7.4 5.31005973016835
7.41 5.32304951010338
7.42 5.33623541050824
7.43 5.34962019208152
7.44 5.36320636433664
7.45 5.37699617706572
7.46 5.39099161238958
7.47 5.4051943774414
7.48 5.41960589772892
7.49 5.43422731121781
7.5 5.44905946317533
7.51 5.4641029018103
7.52 5.47935787474146
7.53 5.49482432632221
7.54 5.51050189584547
7.55 5.52638991664749
7.56 5.54248741612503
7.57 5.55879311667466
7.58 5.57530543755856
7.59 5.59202249769513
7.6 5.60894211936811
7.61 5.62606183284225
7.62 5.64337888186839
7.63 5.66089023005584
7.64 5.67859256808488
7.65 5.69648232172741
7.66 5.71455566063931
7.67 5.73280850788388
7.68 5.75123655014168
7.69 5.76983524855859
7.7 5.78859985018078
7.71 5.80752539992249
7.72 5.82660675300991
7.73 5.84583858784317
7.74 5.86521541921616
7.75 5.88473161183367
7.76 5.90438139406426
7.77 5.92415887186755
7.78 5.94405804283467
7.79 5.96407281028153
7.8 5.98419699733591
7.81 6.00442436096047
7.82 6.02474860585629
7.83 6.04516339819325
7.84 6.06566237911661
7.85 6.08623917798141
7.86 6.10688742526997
7.87 6.12760076515043
7.88 6.14837286763807
7.89 6.16919744032446
7.9 6.19006823964312
7.91 6.21097908164412
7.92 6.23192385225357
7.93 6.25289651699781
7.94 6.27389113017549
7.95 6.29490184346456
7.96 6.3159229139543
7.97 6.33694871159635
7.98 6.35797372607133
7.99 6.37899257307119
8 6.4
8.01 6.42099089109878
8.02 6.44196027200227
8.03 6.46290331373819
8.04 6.48381533618115
8.05 6.50469181097595
8.06 6.52552836394593
8.07 6.54632077700427
8.08 6.5670649895868
8.09 6.58775709962652
8.1 6.60839336409051
8.11 6.62897019910091
8.12 6.64948417966204
8.13 6.66993203901624
8.14 6.69031066765115
8.15 6.7106171119813
8.16 6.73084857272678
8.17 6.75100240301161
8.18 6.77107610620419
8.19 6.79106733352173
8.2 6.81097388142026
8.21 6.83079368879106
8.22 6.85052483398377
8.23 6.87016553167604
8.24 6.88971412960837
8.25 6.9091691052024
8.26 6.92852906208004
8.27 6.94779272649971
8.28 6.96695894372566
8.29 6.98602667434483
8.3 7.0049949905455
8.31 7.02386307237052
8.32 7.04263020395762
8.33 7.0612957697779
8.34 7.07985925088328
8.35 7.09832022117255
8.36 7.11667834368493
8.37 7.13493336692951
8.38 7.15308512125776
8.39 7.17113351528616
8.4 7.18907853237472
8.41 7.20692022716704
8.42 7.22465872219657
8.43 7.24229420456336
8.44 7.25982692268488
8.45 7.27725718312408
8.46 7.2945853474974
8.47 7.31181182946473
8.48 7.32893709180326
8.49 7.34596164356649
8.5 7.36288603732925
8.51 7.37971086651962
8.52 7.39643676283785
8.53 7.41306439376237
8.54 7.42959446014268
8.55 7.44602769387859
8.56 7.46236485568514
8.57 7.47860673294228
8.58 7.49475413762828
8.59 7.51080790433549
8.6 7.52676888836737
8.61 7.5426379639149
8.62 7.55841602231115
8.63 7.57410397036207
8.64 7.58970272875181
8.65 7.60521323052074
8.66 7.62063641961431
8.67 7.63597324950074
8.68 7.65122468185566
8.69 7.66639168531168
8.7 7.68147523427088
8.71 7.6964763077783
8.72 7.71139588845428
8.73 7.72623496148384
8.74 7.74099451366095
8.75 7.75567553248586
8.76 7.77027900531342
8.77 7.78480591855067
8.78 7.79925725690156
8.79 7.8136340026572
8.8 7.82793713502966
8.81 7.84216762952762
8.82 7.85632645737212
8.83 7.8704145849507
8.84 7.88443297330832
8.85 7.89838257767339
8.86 7.91226434701746
8.87 7.92607922364689
8.88 7.9398281428252
8.89 7.95351203242459
8.9 7.96713181260522
8.91 7.98068839552101
8.92 7.99418268505062
8.93 8.00761557655233
8.94 8.02098795664174
8.95 8.03430070299098
8.96 8.0475546841485
8.97 8.06075075937818
8.98 8.07388977851689
