-0.01 1.00152487458072
0 1
0.01 0.998446822921612
0.02 0.996864683176555
0.03 0.995252906484704
0.04 0.993610804239368
0.05 0.991937673294499
0.06 0.990232795755013
0.07 0.988495438770783
0.08 0.986724854334844
0.09 0.984920279086415
0.1 0.983080934119375
0.11 0.981206024796844
0.12 0.979294740572606
0.13 0.977346254820102
0.14 0.975359724669794
0.15 0.973334290855742
0.16 0.971269077572267
0.17 0.969163192341634
0.18 0.967015725893738
0.19 0.964825752058805
0.2 0.962592327674211
0.21 0.960314492506524
0.22 0.957991269189979
0.23 0.955621663182612
0.24 0.953204662741349
0.25 0.950739238917422
0.26 0.94822434557351
0.27 0.945658919424081
0.28 0.943041880100463
0.29 0.940372130242257
0.3 0.937648555616714
0.31 0.934870025267812
0.32 0.932035391696799
0.33 0.929143491076043
0.34 0.926193143498057
0.35 0.923183153261687
0.36 0.92011230919743
0.37 0.916979385033972
0.38 0.913783139808043
0.39 0.910522318319749
0.4 0.907195651635603
0.41 0.90380185764148
0.42 0.9003396416478
0.43 0.896807697049257
0.44 0.893204706041426
0.45 0.889529340396614
0.46 0.885780262301352
0.47 0.88195612525788
0.48 0.87805557505202
0.49 0.8740772507898
0.5 0.870019786005159
0.51 0.865881809841044
0.52 0.861661948306142
0.53 0.85735882560945
0.54 0.852971065574783
0.55 0.848497293137264
0.56 0.84393613592367
0.57 0.839286225918458
0.58 0.834546201217088
0.59 0.82971470786811
0.6 0.82479040180532
0.61 0.819771950871039
0.62 0.814658036931371
0.63 0.809447358084023
0.64 0.804138630958989
0.65 0.798730593112104
0.66 0.793222005511125
0.67 0.787611655113642
0.68 0.781898357535748
0.69 0.776080959809962
0.7 0.770158343230455
0.71 0.764129426283179
0.72 0.75799316765798
0.73 0.751748569339263
0.74 0.745394679771208
0.75 0.738930597092984
0.76 0.732355472438779
0.77 0.725668513296866
0.78 0.718868986921261
0.79 0.711956223788881
0.8 0.704929621094425
0.81 0.697788646274509
0.82 0.690532840551907
0.83 0.683161822490024
0.84 0.675675291547029
0.85 0.668073031618405
0.86 0.660354914555937
0.87 0.652520903650518
0.88 0.644571057065505
0.89 0.636505531206694
0.9 0.62832458401443
0.91 0.620028578162785
0.92 0.611617984150268
0.93 0.603093383266035
0.94 0.594455470415216
0.95 0.585705056786644
0.96 0.576843072346031
0.97 0.56787056813748
0.98 0.558788718376148
0.99 0.549598822314929
1 0.54030230586814
1.01 0.530900722975462
1.02 0.521395756689737
1.03 0.511789219972715
1.04 0.502083056183469
1.05 0.492279339244908
1.06 0.482380273474712
1.07 0.472388193068
1.08 0.462305561220187
1.09 0.452134968879716
1.1 0.441879133121787
1.11 0.431540895135659
1.12 0.421123217819769
1.13 0.410629182980621
1.14 0.400061988133235
1.15 0.389424942902901
1.16 0.378721465029918
1.17 0.367955075981154
1.18 0.357129396174313
1.19 0.346248139822996
1.2 0.335315109412789
1.21 0.324334189820833
1.22 0.31330934209345
1.23 0.302244596898577
1.24 0.291144047671802
1.25 0.280011843476839
1.26 0.268852181603185
1.27 0.257669299925513
1.28 0.246467469051048
1.29 0.235250984282728
1.3 0.22402415742731
1.31 0.212791308478833
1.32 0.201556757208854
1.33 0.190324814695695
1.34 0.179099774825595
1.35 0.167885905799037
1.36 0.156687441675727
1.37 0.145508573991648
1.38 0.13435344348139
1.39 0.123226131938413
1.4 0.112130654245267
1.41 0.101070950604817
1.42 0.0900508790024372
1.43 0.0790742079278005
1.44 0.0681446093834036
1.45 0.0572656522052803
1.46 0.0464407957195483
1.47 0.0356733837564577
1.48 0.0249666390415424
1.49 0.0143236579812805
1.5 0.00374740585842024
1.51 -0.00675928755020111
1.52 -0.01719373192288
1.53 -0.027553379901222
1.54 -0.0378358301515706
1.55 -0.0480388299763455
1.56 -0.0581602774742736
1.57 -0.0681982232507657
1.58 -0.0781508716818846
1.59 -0.0880165817374551
1.6 -0.0977938673708871
1.61 -0.107481397485148
1.62 -0.117077995486121
1.63 -0.126582638436183
1.64 -0.135994455822362
1.65 -0.145312727954743
1.66 -0.154536884012015
1.67 -0.163666499752063
1.68 -0.172701294906412
1.69 -0.181641130278034
1.7 -0.190486004562652
1.71 -0.199236050914024
1.72 -0.207891533274056
1.73 -0.216452842488682
1.74 -0.224920492230459
1.75 -0.233295114748753
1.76 -0.241577456468097
1.77 -0.249768373455013
1.78 -0.257868826773111
1.79 -0.265879877745762
1.8 -0.273802683145027
1.81 -0.28163849032482
1.82 -0.28938863231555
1.83 -0.297054522896686
1.84 -0.304637651662805
1.85 -0.312139579097868
1.86 -0.319561931671467
1.87 -0.326906396969952
1.88 -0.334174718874324
1.89 -0.341368692795896
1.9 -0.348490160979737
1.91 -0.355541007885001
1.92 -0.362523155650327
1.93 -0.369438559651572
1.94 -0.376289204158277
1.95 -0.383077098094415
1.96 -0.389804270908125
1.97 -0.396472768554386
1.98 -0.403084649593804
1.99 -0.409641981409961
2 -0.416146836547142
2.01 -0.422601289169576
2.02 -0.429007411642748
2.03 -0.43536727123679
2.04 -0.441682926951448
2.05 -0.447956426461626
2.06 -0.454189803182107
2.07 -0.46038507344964
2.08 -0.466544233820235
2.09 -0.472669258479192
2.1 -0.478762096761105
2.11 -0.48482467077685
2.12 -0.490858873144341
2.13 -0.496866564819677
2.14 -0.502849573025137
2.15 -0.50880968927037
2.16 -0.514748667463053
2.17 -0.520668222105178
2.18 -0.526570026571161
2.19 -0.532455711463866
2.2 -0.538326863044714
2.21 -0.54418502173401
2.22 -0.550031680677726
2.23 -0.555868284376965
2.24 -0.561696227376466
2.25 -0.567516853008573
2.26 -0.573331452189191
2.27 -0.579141262262373
2.28 -0.584947465890312
2.29 -0.590751189985633
2.3 -0.596553504683047
2.31 -0.602355422347551
2.32 -0.608157896616561
2.33 -0.613961821473484
2.34 -0.619768030350447
2.35 -0.625577295258067
2.36 -0.631390325940315
2.37 -0.637207769052745
2.38 -0.643030207362521
2.39 -0.648858158968891
2.4 -0.65469207654294
2.41 -0.660532346585668
2.42 -0.666379288703638
2.43 -0.67223315490162
2.44 -0.67809412889192
2.45 -0.683962325420213
2.46 -0.68983778960798
2.47 -0.6957204963118
2.48 -0.701610349500004
2.49 -0.707507181647357
2.5 -0.713410753148695
2.51 -0.719320751752603
2.52 -0.725236792016458
2.53 -0.731158414784346
2.54 -0.737085086689592
2.55 -0.74301619968379
2.56 -0.748951070594477
2.57 -0.754888940713757
2.58 -0.760828975420359
2.59 -0.766770263837832
2.6 -0.772711818531739
2.61 -0.778652575248887
2.62 -0.784591392701801
2.63 -0.790527052401816
2.64 -0.796458258544313
2.65 -0.802383637949759
2.66 -0.80830174006436
2.67 -0.814211037024249
2.68 -0.820109923787257
2.69 -0.825996718336395
2.7 -0.831869661959294
2.71 -0.837726919607876
2.72 -0.843566580342641
2.73 -0.849386657865945
2.74 -0.855185091148702
2.75 -0.860959745154926
2.76 -0.866708411668527
2.77 -0.872428810226713
2.78 -0.878118589164334
2.79 -0.883775326773363
2.8 -0.889396532581657
2.81 -0.894979648754962
2.82 -0.900522051626008
2.83 -0.906021053354319
2.84 -0.911473903720164
2.85 -0.916877792055836
2.86 -0.922229849317169
2.87 -0.927527150297899
2.88 -0.932766715989143
2.89 -0.937945516085928
2.9 -0.943060471642269
2.91 -0.948108457875924
2.92 -0.95308630712347
2.93 -0.957990811945872
2.94 -0.96281872838422
2.95 -0.967566779364768
2.96 -0.972231658251835
2.97 -0.976810032546591
2.98 -0.981298547729094
2.99 -0.985693831240337
3 -0.989992496600445
3.01 -0.99419114765847
3.02 -0.998286382968574
3.03 -1.00227480028672
3.04 -1.00615300118132
3.05 -1.00991759575049
3.06 -1.01356520743813
3.07 -1.01709247794002
3.08 -1.02049607219073
3.09 -1.02377268342143
3.1 -1.02691903827793
3.11 -1.02993190198768
3.12 -1.03280808356415
3.13 -1.03554444103598
3.14 -1.0381378866882
3.15 -1.04058539230209
3.16 -1.04288399437991
3.17 -1.04503079934029
3.18 -1.04702298866988
3.19 -1.04885782401633
3.2 -1.0505326522078
3.21 -1.0520449101837
3.22 -1.0533921298216
3.23 -1.054571942645
3.24 -1.05558208439689
3.25 -1.05642039946404
3.26 -1.05708484513732
3.27 -1.05757349569348
3.28 -1.05788454628428
3.29 -1.05801631661947
3.3 -1.0579672544302
3.31 -1.05773593870055
3.32 -1.0573210826552
3.33 -1.05672153649217
3.34 -1.05593628985015
3.35 -1.05496447400123
3.36 -1.05380536376018
3.37 -1.05245837910297
3.38 -1.05092308648784
3.39 -1.04919919987355
3.4 -1.04728658143036
3.41 -1.04518524194064
3.42 -1.04289534088683
3.43 -1.04041718622603
3.44 -1.03775123385146
3.45 -1.03489808674209
3.46 -1.03185849380332
3.47 -1.02863334840227
3.48 -1.02522368660273
3.49 -1.02163068510585
3.5 -1.01785565890351
3.51 -1.01390005865287
3.52 -1.00976546778084
3.53 -1.00545359932903
3.54 -1.00096629254975
3.55 -0.996305509265243
3.56 -0.991473330002476
3.57 -0.986471949916885
3.58 -0.981303674518933
3.59 -0.9759709152179
3.6 -0.970476184697802
3.61 -0.964822092140725
3.62 -0.959011338313148
3.63 -0.953046710531082
3.64 -0.94693107751997
3.65 -0.94066738418539
3.66 -0.934258646310585
3.67 -0.927707945196757
3.68 -0.921018422261924
3.69 -0.914193273613907
3.7 -0.907235744612725
3.71 -0.90014912443734
3.72 -0.892936740671262
3.73 -0.885601953921102
3.74 -0.878148152481595
3.75 -0.870578747060121
3.76 -0.862897165573115
3.77 -0.855106848026135
3.78 -0.847211241488714
3.79 -0.839213795174421
3.8 -0.831117955635857
3.81 -0.82292716208358
3.82 -0.814644841837257
3.83 -0.806274405916549
3.84 -0.797819244778549
3.85 -0.789282724207809
3.86 -0.780668181364314
3.87 -0.771978920993967
3.88 -0.763218211805523
3.89 -0.754389283017147
3.9 -0.745495321075148
3.91 -0.736539466546753
3.92 -0.727524811188188
3.93 -0.71845439518871
3.94 -0.709331204590674
3.95 -0.700158168885168
3.96 -0.690938158782237
3.97 -0.681673984154237
3.98 -0.672368392150409
3.99 -0.663024065480341
4 -0.653643620863612
4.01 -0.644229607642541
4.02 -0.634784506554672
4.03 -0.625310728661301
4.04 -0.615810614428143
4.05 -0.606286432953951
4.06 -0.596740381342776
4.07 -0.587174584215311
4.08 -0.577591093354708
4.09 -0.56799188748206
4.1 -0.558378872156737
4.11 -0.548753879796626
4.12 -0.539118669813365
4.13 -0.529474928857558
4.14 -0.519824271169054
4.15 -0.510168239027313
4.16 -0.500508303296981
4.17 -0.49084586406381
4.18 -0.481182251356174
4.19 -0.471518725947467
4.2 -0.461856480234804
4.21 -0.452196639189535
4.22 -0.442540261375197
4.23 -0.432888340028669
4.24 -0.423241804200404
4.25 -0.413601519949766
4.26 -0.403968291591638
4.27 -0.394342862990613
4.28 -0.384725918899221
4.29 -0.375118086336818
4.3 -0.365519936005878
4.31 -0.355931983742614
4.32 -0.346354691999005
4.33 -0.336788471353425
4.34 -0.327233682047239
4.35 -0.317690635544894
4.36 -0.308159596115142
4.37 -0.298640782431191
4.38 -0.289134369187703
4.39 -0.279640488732714
4.4 -0.27015923271264
4.41 -0.260690653728682
4.42 -0.251234767003045
4.43 -0.241791552053501
4.44 -0.232360954374926
4.45 -0.222942887126539
4.46 -0.213537232823661
4.47 -0.204143845032898
4.48 -0.194762550069734
4.49 -0.185393148697577
4.5 -0.176035417827378
4.51 -0.166689112217001
4.52 -0.157353966169569
4.53 -0.148029695230038
4.54 -0.138715997879335
4.55 -0.12941255722536
4.56 -0.12011904269024
4.57 -0.110835111693199
4.58 -0.101560411328427
4.59 -0.092294580037347
4.6 -0.0830372492746672
4.61 -0.0737880451675907
4.62 -0.0645465901675617
4.63 -0.0553125046938769
4.64 -0.0460854087684992
4.65 -0.0368649236413521
4.66 -0.027650673405353
4.67 -0.018442286600388
4.68 -0.00923939780540821
4.69 -4.16492177532739E-05
4.7 0.00915130778123284
4.71 0.0183398110752845
4.72 0.0275241862780631
4.73 0.0367047452148777
4.74 0.0458817844224686
4.75 0.0550555836681187
4.76 0.064226404489399
4.77 0.073394488755957
4.78 0.0825600572548136
4.79 0.0917233083007005
4.8 0.100884416373066
4.81 0.110043530781414
4.82 0.11920077436074
4.83 0.128356242198886
4.84 0.13751000039769
4.85 0.146662084869889
4.86 0.155812500173779
4.87 0.164961218387682
4.88 0.174108178026357
4.89 0.183253283001469
4.9 0.192396401628353
4.91 0.201537365681246
4.92 0.210675969499281
4.93 0.219811969145461
4.94 0.228945081620913
4.95 0.238074984136661
4.96 0.247201313445189
4.97 0.256323665234017
4.98 0.265441593583489
4.99 0.274554610490923
5 0.283662185463226
5.01 0.29276374518001
5.02 0.301858673229143
5.03 0.310946309916618
5.04 0.320025952152475
5.05 0.32909685341444
5.06 0.338158223790766
5.07 0.347209230103658
5.08 0.356248996114503
5.09 0.365276602811939
5.1 0.374291088783645
5.11 0.383291450672528
5.12 0.392276643717784
5.13 0.401245582381113
5.14 0.410197141058129
5.15 0.419130154874779
5.16 0.428043420568362
5.17 0.436935697452479
5.18 0.445805708464998
5.19 0.454652141297859
5.2 0.463473649607283
5.21 0.4722688543027
5.22 0.481036344912422
5.23 0.489774681023828
5.24 0.498482393795583
5.25 0.507157987539134
5.26 0.515799941366457
5.27 0.524406710900807
5.28 0.532976730046957
5.29 0.541508412817173
5.3 0.550000155208965
5.31 0.558450337130407
5.32 0.566857324368658
5.33 0.575219470597069
5.34 0.583535119416158
5.35 0.591802606423511
5.36 0.600020261307567
5.37 0.608186409960113
5.38 0.616299376602216
5.39 0.624357485918214
5.4 0.632359065192376
5.41 0.640302446442747
5.42 0.64818596854672
5.43 0.656007979352846
5.44 0.663766837773457
5.45 0.671460915852697
5.46 0.679088600804638
5.47 0.686648297016261
5.48 0.694138428010177
5.49 0.701557438362125
5.5 0.708903795568419
5.51 0.716175991858705
5.52 0.723372545949574
5.53 0.730492004734806
5.54 0.737532944908224
5.55 0.744493974515415
5.56 0.751373734430786
5.57 0.758170899756738
5.58 0.764884181142007
5.59 0.771512326016482
5.6 0.778054119740166
5.61 0.784508386664183
5.62 0.790873991102096
5.63 0.797149838210097
5.64 0.803334874774908
5.65 0.809428089908599
5.66 0.815428515649806
5.67 0.82133522747114
5.68 0.82714734469288
5.69 0.83286403080336
5.7 0.838484493686716
5.71 0.844007985758947
5.72 0.849433804013542
5.73 0.854761289978136
5.74 0.85998982958393
5.75 0.86511885294985
5.76 0.870147834083627
5.77 0.875076290502161
5.78 0.87990378277379
5.79 0.884629913985189
5.8 0.889254329135803
5.81 0.893776714462903
5.82 0.898196796700417
5.83 0.902514342274842
5.84 0.906729156441637
5.85 0.91084108236555
5.86 0.914850000148417
5.87 0.918755825808031
5.88 0.922558510211683
5.89 0.926258037968022
5.9 0.929854426280879
5.91 0.933347723768688
5.92 0.936738009253138
5.93 0.940025390520625
5.94 0.943210003060077
5.95 0.946292008780622
5.96 0.949271594712547
5.97 0.952148971694911
5.98 0.954924373053097
5.99 0.957598053269482
6 0.960170286650366
6.01 0.962641365992133
6.02 0.96501160124957
6.03 0.967281318209134
6.04 0.969450857169846
6.05 0.971520571634405
6.06 0.973490827012951
6.07 0.975361999341837
6.08 0.977134474019629
6.09 0.978808644562419
6.1 0.980384911380465
6.11 0.981863680578
6.12 0.983245362777971
6.13 0.984530371973346
6.14 0.985719124406513
6.15 0.98681203747818
6.16 0.987809528687091
6.17 0.988712014601757
6.18 0.989519909865301
6.19 0.990233626234426
6.2 0.990853571653422
6.21 0.991380149364017
6.22 0.991813757051825
6.23 0.99215478603004
6.24 0.99240362046093
6.25 0.992560636615668
6.26 0.992626202172909
6.27 0.992600675556476
6.28 0.99248440531247
6.29 0.992277729526047
6.3 0.991980975278056
6.31 0.99159445814166
6.32 0.991118481719075
6.33 0.990553337218438
6.34 0.989899303070836
6.35 0.989156644587473
6.36 0.988325613656903
6.37 0.987406448482253
6.38 0.986399373358299
6.39 0.985304598488277
6.4 0.984122319840229
6.41 0.982852719042716
6.42 0.981495963319669
6.43 0.980052205464165
6.44 0.978521583850862
6.45 0.976904222486838
6.46 0.975200231100552
6.47 0.973409705268623
6.48 0.971532726580128
6.49 0.969569362838082
6.5 0.967519668297767
6.51 0.965383683941551
6.52 0.963161437789823
6.53 0.960852945247662
6.54 0.95845820948684
6.55 0.955977221862721
6.56 0.953409962365632
6.57 0.950756400106231
6.58 0.948016493834402
6.59 0.945190192491155
6.6 0.942277435793005
6.61 0.939278154848269
6.62 0.936192272804695
6.63 0.933019705527782
6.64 0.929760362309168
6.65 0.926414146604354
6.66 0.922980956799068
6.67 0.919460687003475
6.68 0.915853227873421
6.69 0.912158467457862
6.7 0.908376292071547
6.71 0.904506587192009
6.72 0.900549238379849
6.73 0.896504132221229
6.74 0.892371157291473
6.75 0.888150205138556
6.76 0.883841171285264
6.77 0.879443956248684
6.78 0.874958466575673
6.79 0.870384615892844
6.8 0.865722325969557
6.81 0.86097152779235
6.82 0.856132162649143
6.83 0.85120418322151
6.84 0.846187554683213
6.85 0.841082255803159
6.86 0.835888280050838
6.87 0.830605636702246
6.88 0.825234351944245
6.89 0.819774469975214
6.9 0.814226054099817
6.91 0.808589187815629
6.92 0.802863975889323
6.93 0.797050545420041
6.94 0.791149046887568
6.95 0.785159655182833
6.96 0.779082570618246
6.97 0.772918019915368
6.98 0.766666257167323
6.99 0.760327564773411
7 0.753902254343305
7.01 0.747390667568247
7.02 0.740793177056647
7.03 0.734110187131482
7.04 0.727342134586942
7.05 0.720489489401761
7.06 0.713552755406732
7.07 0.706532470903941
7.08 0.699429209235311
7.09 0.692243579298097
7.1 0.684976226005087
7.11 0.677627830687305
7.12 0.670199111437139
7.13 0.662690823389903
7.14 0.655103758941979
7.15 0.647438747903793
7.16 0.639696657586031
7.17 0.631878392817626
7.18 0.623984895894244
7.19 0.616017146456112
7.2 0.607976161294245
7.21 0.59986299408429
7.22 0.591678735047402
7.23 0.583424510537768
7.24 0.575101482556595
7.25 0.566710848192571
7.26 0.558253838989055
7.27 0.549731720238451
7.28 0.541145790204416
7.29 0.532497379272841
7.3 0.523787849032689
7.31 0.515018591288064
7.32 0.506191027003055
7.33 0.497306605181181
7.34 0.488366801681393
7.35 0.479373117972903
7.36 0.47032707983124
7.37 0.461230235978176
7.38 0.452084156668338
7.39 0.442890432225528
7.4 0.43365067153194
7.41 0.424366500473624
7.42 0.415039560345703
7.43 0.405671506221021
7.44 0.396264005285984
7.45 0.386818735147517
7.46 0.377337382115119
7.47 0.367821639462152
7.48 0.358273205670493
7.49 0.34869378266281
7.5 0.339085074026704
7.51 0.329448783235049
7.52 0.319786611866802
7.53 0.310100257832616
7.54 0.300391413609521
7.55 0.29066176448892
7.56 0.28091298684209
7.57 0.27114674640732
7.58 0.261364696602707
7.59 0.251568476868573
7.6 0.241759711043316
7.61 0.231940005776414
7.62 0.22211094898215
7.63 0.212274108337469
7.64 0.202431029827251
7.65 0.192583236340076
7.66 0.182732226317411
7.67 0.172879472458942
7.68 0.163026420486602
7.69 0.153174487969628
7.7 0.14332506321279
7.71 0.133479504209728
7.72 0.123639137663114
7.73 0.113805258073152
7.74 0.103979126895729
7.75 0.0941619717712833
7.76 0.0843549858252837
7.77 0.0745593270409895
7.78 0.064776117704944
7.79 0.0550064439254776
7.8 0.0452513552242691
7.81 0.0355118642008549
7.82 0.025788946269768
7.83 0.0160835394698049
7.84 0.00639654434477533
7.85 -0.00327117610510741
7.86 -0.0129187964021732
7.87 -0.0225455285017071
7.88 -0.0321506216351085
7.89 -0.0417333620871808
7.9 -0.0512930729090826
7.91 -0.060829113568564
7.92 -0.0703408795392299
7.93 -0.0798278018306392
7.94 -0.0892893464611569
7.95 -0.0987250138755344
7.96 -0.108134338309254
7.97 -0.117516887101749
7.98 -0.126872259960624
7.99 -0.136200088179058
8 -0.145500033808614
8.01 -0.154771788789653
8.02 -0.164015074041623
8.03 -0.17322963851544
8.04 -0.182415258210227
8.05 -0.191571735156636
8.06 -0.200698896368971
8.07 -0.209796592768327
8.08 -0.218864698078899
8.09 -0.227903107699632
8.1 -0.236911737553304
8.11 -0.245890522915126
8.12 -0.254839417222883
8.13 -0.263758390870614
8.14 -0.272647429987759
8.15 -0.281506535205673
8.16 -0.290335720413343
8.17 -0.299135011504085
8.18 -0.307904445114978
8.19 -0.31664406736069
8.2 -0.325353932563334
8.21 -0.334034101979928
8.22 -0.342684642528959
8.23 -0.351305625517548
8.24 -0.35989712537059
8.25 -0.36845921836326
8.26 -0.376991981358187
8.27 -0.385495490548559
8.28 -0.393969820208384
8.29 -0.402415041451087
8.3 -0.410831220997564
8.31 -0.419218419954803
8.32 -0.427576692606136
8.33 -0.435906085214131
8.34 -0.44420663483713
8.35 -0.452478368160418
8.36 -0.460721300342925
8.37 -0.468935433880428
8.38 -0.477120757486117
8.39 -0.485277244989427
8.4 -0.493404854254011
8.41 -0.501503526115694
8.42 -0.509573183341275
8.43 -0.517613729609016
8.44 -0.525625048511663
8.45 -0.533607002582839
8.46 -0.541559432347647
8.47 -0.54948215539834
8.48 -0.557374965495912
8.49 -0.565237631698455
8.5 -0.573069897517174
8.51 -0.580871480100938
8.52 -0.58864206945025
8.53 -0.596381327661564
8.54 -0.60408888820287
8.55 -0.611764355221483
8.56 -0.619407302884992
8.57 -0.627017274756373
8.58 -0.634593783204216
8.59 -0.642136308849111
8.6 -0.6496443000472
8.61 -0.657117172411957
8.62 -0.664554308375229
8.63 -0.671955056788636
8.64 -0.679318732566393
8.65 -0.686644616370671
8.66 -0.693931954340576
8.67 -0.701179957865877
8.68 -0.708387803406583
8.69 -0.715554632359496
8.7 -0.722679550972835
8.71 -0.72976163031005
8.72 -0.73679990626391
8.73 -0.743793379621959
8.74 -0.75074101618439
8.75 -0.757641746935375
8.76 -0.764494468268872
8.77 -0.771298042269879
8.78 -0.778051297052072
8.79 -0.784753027152716
8.8 -0.791401993985713
8.81 -0.797996926353529
8.82 -0.804536521018783
8.83 -0.811019443336098
8.84 -0.81744432794482
8.85 -0.823809779523094
8.86 -0.830114373603711
8.87 -0.836356657452015
8.88 -0.842535151006112
8.89 -0.848648347879442
8.9 -0.854694716425739
8.91 -0.860672700866202
8.92 -0.866580722478627
8.93 -0.872417180848106
8.94 -0.878180455178729
8.95 -0.883868905665618
8.96 -0.88948087492643
8.97 -0.895014689491352
8.98 -0.90046866135042
8.99 -0.905841089556815
9 -0.911130261884677
9.01 -0.916334456539734
9.02 -0.921451943920916
9.03 -0.92648098843094
9.04 -0.931419850333646
9.05 -0.936266787655727
9.06 -0.941020058130267
9.07 -0.945677921179392
9.08 -0.950238639933077
9.09 -0.954700483281048
9.1 -0.959061727954525
9.11 -0.963320660634373
9.12 -0.967475580082077
9.13 -0.971524799289826
9.14 -0.975466647645786
9.15 -0.979299473110577
9.16 -0.983021644400769
9.17 -0.986631553175137
9.18 -0.990127616219288
9.19 -0.993508277624173
9.2 -0.996772010953915
9.21 -0.999917321398311
9.22 -1.0029427479053
9.23 -1.00584686528863
9.24 -1.00862828630605
9.25 -1.01128566370298
9.26 -1.01381769221726
9.27 -1.01622311053975
9.28 -1.01850070322649
9.29 -1.02064930255731
9.3 -1.0226677903367
9.31 -1.02455509963197
9.32 -1.02631021644468
9.33 -1.02793218131078
9.34 -1.02942009082534
9.35 -1.03077309908799
9.36 -1.03199041906503
9.37 -1.0330713238648
9.38 -1.03401514792259
9.39 -1.03482128809217
9.4 -1.03548920464068
9.41 -1.0360184221443
9.42 -1.03640853028213
9.43 -1.03665918452606
9.44 -1.03677010672477
9.45 -1.03674108558006
9.46 -1.03657197701427
9.47 -1.03626270442767
9.48 -1.03581325884501
9.49 -1.03522369895097
9.5 -1.0344941510141
9.51 -1.03362480869966
9.52 -1.03261593277175
9.53 -1.03146785068549
9.54 -1.03018095607043
9.55 -1.02875570810656
9.56 -1.02719263079463
9.57 -1.02549231212277
9.58 -1.02365540313163
9.59 -1.02168261688074
9.6 -1.01957472731865
9.61 -1.01733256806015
9.62 -1.01495703107369
9.63 -1.01244906528251
9.64 -1.00980967508338
9.65 -1.00703991878654
9.66 -1.00414090698128
9.67 -1.00111380083104
9.68 -0.997959810302761
9.69 -0.99468019233472
9.7 -0.991276248947606
9.71 -0.987749325303515
9.72 -0.984100807717635
9.73 -0.98033212162745
9.74 -0.976444729524341
9.75 -0.972440128852479
9.76 -0.968319849879886
9.77 -0.964085453546559
9.78 -0.959738529294492
9.79 -0.955280692884422
9.8 -0.950713584204009
9.81 -0.946038865072156
9.82 -0.941258217044021
9.83 -0.936373339221215
9.84 -0.931385946071565
9.85 -0.92629776526265
9.86 -0.92111053551326
9.87 -0.915826004466726
9.88 -0.910445926589928
9.89 -0.904972061101663
9.9 -0.899406169933826
9.91 -0.893750015728767
9.92 -0.888005359875922
9.93 -0.882173960590722
9.94 -0.876257571038532
9.95 -0.870257937506228
9.96 -0.86417679762382
9.97 -0.858015878638349
9.98 -0.85177689574209
9.99 -0.845461550456905
10 -0.839071529076452
10.01 -0.832608501167697
10.02 -0.826074118133061
10.03 -0.819470011834346
10.04 -0.812797793279397
10.05 -0.806059051372315
10.06 -0.799255351727854
10.07 -0.792388235550491
10.08 -0.785459218578536
10.09 -0.778469790093428
10.1 -0.771421411994342
10.11 -0.764315517937983
10.12 -0.75715351254341
10.13 -0.749936770661567
10.14 -0.742666636709112
10.15 -0.735344424066005
10.16 -0.727971414536271
10.17 -0.720548857871193
10.18 -0.713077971354186
10.19 -0.705559939446454
10.2 -0.697995913492516
10.21 -0.690387011484607
10.22 -0.682734317884897
10.23 -0.675038883504411
10.24 -0.667301725437534
10.25 -0.659523827050887
10.26 -0.65170613802537
10.27 -0.643849574450115
10.28 -0.635955018967077
10.29 -0.628023320964987
10.3 -0.620055296821326
10.31 -0.612051730191051
10.32 -0.6040133723407
10.33 -0.595940942526581
10.34 -0.587835128415704
10.35 -0.579696586548131
10.36 -0.571525942839415
10.37 -0.563323793121824
10.38 -0.555090703723039
10.39 -0.546827212081032
10.4 -0.538533827393821
10.41 -0.530211031302871
10.42 -0.521859278608846
10.43 -0.513478998018488
10.44 -0.505070592921393
10.45 -0.49663444219547
10.46 -0.48817090103989
10.47 -0.479680301834335
10.48 -0.471162955023386
10.49 -0.462619150024893
10.5 -0.454049156161188
10.51 -0.445453223612007
10.52 -0.436831584388004
10.53 -0.428184453323749
10.54 -0.41951202908911
10.55 -0.410814495217911
10.56 -0.402092021152803
10.57 -0.393344763305222
10.58 -0.384572866129388
10.59 -0.375776463209226
10.6 -0.366955678357144
10.61 -0.358110626723562
10.62 -0.349241415916086
10.63 -0.340348147127245
10.64 -0.331430916269642
10.65 -0.322489815117409
10.66 -0.313524932452815
10.67 -0.304536355216875
10.68 -0.29552416966277
10.69 -0.286488462510892
10.7 -0.277429322104298
10.71 -0.26834683956333
10.72 -0.259241109938146
10.73 -0.250112233357862
10.74 -0.240960316175014
10.75 -0.231785472103989
10.76 -0.222587823352066
10.77 -0.213367501741675
10.78 -0.204124649822453
10.79 -0.194859421971655
10.8 -0.185571985481451
10.81 -0.1762625216316
10.82 -0.166931226745977
10.83 -0.157578313231416
10.84 -0.148204010597279
10.85 -0.138808566454168
10.86 -0.12939224749016
10.87 -0.119955340422927
10.88 -0.110498152926099
10.89 -0.101021014528219
10.9 -0.0915242774825849
10.91 -0.0820083176063463
10.92 -0.0724735350871407
10.93 -0.0629203552556113
10.94 -0.0533492293221241
10.95 -0.0437606350760269
10.96 -0.0341550775457967
10.97 -0.024533089618462
10.98 -0.0148952326166682
10.99 -0.00524209683185005
11 0.00442569798805079
11.01 0.0141075021978068
11.02 0.0238026358625116
11.03 0.033510388414963
11.04 0.0432300183641547
11.05 0.0529607530561403
11.06 0.0627017884884496
11.07 0.0724522891791949
11.08 0.0822113880918552
11.09 0.0919781866166968
11.1 0.101751754609653
11.11 0.111531130489389
11.12 0.121315321393179
11.13 0.131103303392077
11.14 0.140894021765774
11.15 0.150686391337396
11.16 0.160479296868341
11.17 0.170271593513145
11.18 0.180062107334226
11.19 0.189849635876185
11.2 0.199632948799217
11.21 0.209410788571026
11.22 0.219181871216481
11.23 0.228944887124113
11.24 0.238698501908365
11.25 0.248441357326382
11.26 0.258172072247956
11.27 0.267889243677086
11.28 0.277591447823465
11.29 0.287277241222053
11.3 0.296945161898744
11.31 0.306593730579979
11.32 0.316221451944058
11.33 0.325826815911711
11.34 0.335408298973395
11.35 0.344964365550661
11.36 0.354493469388798
11.37 0.363994054977876
11.38 0.373464558999185
11.39 0.382903411793989
11.4 0.392309038851456
11.41 0.401679862312485
11.42 0.411014302486165
11.43 0.420310779375498
11.44 0.429567714209004
11.45 0.43878353097477
11.46 0.447956657953531
11.47 0.4570855292473
11.48 0.466168586300146
11.49 0.475204279407662
11.5 0.484191069211737
11.51 0.493127428177296
11.52 0.502011842047667
11.53 0.510842811275359
11.54 0.519618852425086
11.55 0.528338499545935
11.56 0.537000305509693
11.57 0.545602843312475
11.58 0.554144707336848
11.59 0.562624514571818
11.6 0.571040905788178
11.61 0.57939254666682
11.62 0.587678128877785
11.63 0.595896371107986
11.64 0.604046020035653
11.65 0.612125851249785
11.66 0.620134670112974
11.67 0.628071312566205
11.68 0.635934645874375
11.69 0.643723569311464
11.7 0.651437014784455
11.71 0.659073947395278
11.72 0.666633365940239
11.73 0.674114303346574
11.74 0.681515827045896
11.75 0.688837039284551
11.76 0.696077077370992
11.77 0.703235113860493
11.78 0.710310356677653
11.79 0.717302049177331
11.8 0.724209470144747
11.81 0.731031933735688
11.82 0.737768789357865
11.83 0.744419421494577
11.84 0.750983249472016
11.85 0.757459727171603
11.86 0.763848342688909
11.87 0.770148617940773
11.88 0.776360108222343
11.89 0.78248240171585
11.9 0.78851511895301
11.91 0.794457912232987
11.92 0.800310464997958
11.93 0.806072491168334
11.94 0.811743734439764
11.95 0.817323967544065
11.96 0.82281299147628
11.97 0.82821063469005
11.98 0.833516752263558
11.99 0.838731225038231
12 0.843853958732492
12.01 0.848884883032743
12.02 0.853823950663848
12.03 0.858671136441287
12.04 0.863426436307195
12.05 0.868089866352436
12.06 0.872661461826841
12.07 0.877141276139721
12.08 0.881529379852697
12.09 0.885825859666871
12.1 0.890030817406321
12.11 0.894144368999814
12.12 0.898166643462639
12.13 0.902097781880363
12.14 0.905937936396274
12.15 0.909687269204227
12.16 0.913345951548537
12.17 0.916914162732504
12.18 0.92039208913712
12.19 0.923779923251412
12.2 0.927077862715842
12.21 0.930286109380116
12.22 0.933404868376683
12.23 0.936434347211191
12.24 0.939374754871024
12.25 0.942226300953088
12.26 0.944989194811875
12.27 0.947663644728824
12.28 0.950249857103932
12.29 0.952748035670507
12.3 0.95515838073392
12.31 0.95748108843515
12.32 0.959716350039874
12.33 0.961864351253808
12.34 0.963925271564955
12.35 0.965899283613385
12.36 0.967786552589115
12.37 0.96958723565863
12.38 0.971301481420539
12.39 0.972929429390841
12.4 0.974471209518214
12.41 0.975926941729724
12.42 0.977296735507331
12.43 0.978580689495509
12.44 0.979778891140294
12.45 0.98089141636003
12.46 0.981918329248071
12.47 0.982859681807656
12.48 0.98371551371916
12.49 0.984485852139904
12.5 0.985170711536658
12.51 0.985770093550997
12.52 0.986283986897585
12.53 0.986712367295499
12.54 0.987055197432655
12.55 0.987312426963361
12.56 0.987483992539044
12.57 0.987569817872128
12.58 0.987569813833061
12.59 0.98748387858043
12.6 0.987311897724105
12.61 0.987053744521316
12.62 0.986709280105544
12.63 0.986278353748093
12.64 0.985760803152155
12.65 0.985156454779188
12.66 0.984465124207372
12.67 0.98368661652188
12.68 0.982820726736689
12.69 0.981867240247586
12.7 0.98082593331603
12.71 0.979696573583468
12.72 0.978478920615661
12.73 0.97717272647656
12.74 0.975777736331208
12.75 0.974293689077111
12.76 0.972720318003464
12.77 0.971057351477603
12.78 0.969304513657941
12.79 0.967461525232688
12.8 0.965528104183495
12.81 0.963503966573214
12.82 0.961388827356835
12.83 0.959182401214622
12.84 0.956884403406457
12.85 0.954494550646269
12.86 0.952012561995428
12.87 0.949438159773879
12.88 0.946771070487778
12.89 0.944011025772277
12.9 0.941157763348076
12.91 0.938211027990307
12.92 0.935170572508222
12.93 0.932036158734123
12.94 0.928807558519911
12.95 0.925484554739553
12.96 0.922066942295732
12.97 0.918554529128882
12.98 0.914947137226763
12.99 0.911244603632643
13 0.907446781450196
13.01 0.903553540843072
13.02 0.899564770027125
13.03 0.895480376253239
13.04 0.891300286778641
13.05 0.88702444982456
13.06 0.882652835518105
13.07 0.878185436816165
13.08 0.873622270409166
13.09 0.868963377602474
13.1 0.86420882517328
13.11 0.859358706200756
13.12 0.854413140867322
13.13 0.849372277228866
13.14 0.844236291951792
13.15 0.839005391014791
13.16 0.833679810373298
13.17 0.828259816584605
13.18 0.822745707391711
13.19 0.817137812263981
13.2 0.81143649289284
13.21 0.805642143640723
13.22 0.799755191941666
13.23 0.793776098651944
13.24 0.787705358349316
13.25 0.781543499579529
13.26 0.775291085048819
13.27 0.76894871176132
13.28 0.762517011100367
13.29 0.755996648852846
13.3 0.749388325175868
13.31 0.742692774505193
13.32 0.735910765404957
13.33 0.729043100358447
13.34 0.722090615499783
13.35 0.715054180286537
13.36 0.7079346971135
13.37 0.700733100867925
13.38 0.693450358426788
13.39 0.686087468096732
13.4 0.678645458997525
13.41 0.671125390390059
13.42 0.663528350950034
13.43 0.655855457988649
13.44 0.648107856621776
13.45 0.640286718889232
13.46 0.632393242825929
13.47 0.624428651486807
13.48 0.616394191927574
13.49 0.608291134143465
13.5 0.600120769968275
13.51 0.591884411936107
13.52 0.583583392108312
13.53 0.575219060868277
13.54 0.566792785686729
13.55 0.558305949860351
13.56 0.549759951226569
13.57 0.541156200857401
13.58 0.532496121735361
13.59 0.5237811474144
13.6 0.515012720668935
13.61 0.506192292134012
13.62 0.497321318939673
13.63 0.488401263342593
13.64 0.479433591358049
13.65 0.470419771395226
13.66 0.461361272898913
13.67 0.452259565000512
13.68 0.443116115181288
13.69 0.433932387950724
13.7 0.42470984354277
13.71 0.415449936632681
13.72 0.406154115077121
13.73 0.396823818680016
13.74 0.387460477986662
13.75 0.378065513108394
13.76 0.368640332580067
13.77 0.359186332252462
13.78 0.349704894221639
13.79 0.340197385797098
13.8 0.330665158510515
13.81 0.321109547166702
13.82 0.311531868938241
13.83 0.301933422505222
13.84 0.292315487241266
13.85 0.282679322446978
13.86 0.273026166631763
13.87 0.26335723684487
13.88 0.253673728056352
13.89 0.243976812588531
13.9 0.234267639598395
13.91 0.224547334611277
13.92 0.214816999105996
13.93 0.205077710151544
13.94 0.195330520095296
13.95 0.185576456302579
13.96 0.175816520947359
13.97 0.166051690853686
13.98 0.156282917387432
13.99 0.146511126397781
14 0.136737218207834
14.01 0.126962067653589
14.02 0.117186524170516
14.03 0.107411411926828
14.04 0.0976375300025162
14.05 0.0878656526131408
14.06 0.0780965293773054
14.07 0.068330885626683
14.08 0.0585694227574515
14.09 0.0488128186219006
14.1 0.0390617279589698
14.11 0.0293167828624286
14.12 0.0195785932853844
14.13 0.00984774757977455
14.14 0.000124813069490993
14.15 -0.00958966334426733
14.16 -0.0192951545467736
14.17 -0.0289911525441122
14.18 -0.0386771677694765
14.19 -0.0483527283628424
14.2 -0.0580173794254286
14.21 -0.067670682250361
14.22 -0.0773122135309353
14.23 -0.0869415645479095
14.24 -0.0965583403371798
14.25 -0.106162158839254
14.26 -0.115752650031881
14.27 -0.125329455047196
14.28 -0.134892225274728
14.29 -0.144440621451601
14.3 -0.153974312741245
14.31 -0.163492975801896
14.32 -0.172996293846216
14.33 -0.182483955693237
14.34 -0.191955654813932
14.35 -0.201411088371612
14.36 -0.210849956258398
14.37 -0.220271960128941
14.38 -0.229676802432609
14.39 -0.239064185445281
14.4 -0.248433810301962
14.41 -0.257785376031314
14.42 -0.267118578593274
14.43 -0.276433109920887
14.44 -0.285728656967462
14.45 -0.295004900760172
14.46 -0.304261515461204
14.47 -0.313498167437543
14.48 -0.32271451434052
14.49 -0.331910204196173
14.5 -0.341084874507536
14.51 -0.350238151369949
14.52 -0.359369648600453
14.53 -0.368478966882384
14.54 -0.377565692926239
14.55 -0.386629398647922
14.56 -0.395669640365443
14.57 -0.404685958015205
14.58 -0.413677874388947
14.59 -0.422644894392475
14.6 -0.43158650432729
14.61 -0.440502171196222
14.62 -0.449391342034214
14.63 -0.458253443265364
14.64 -0.467087880087361
14.65 -0.475894035884476
14.66 -0.484671271670211
14.67 -0.49341892556077
14.68 -0.50213631228049
14.69 -0.510822722700379
14.7 -0.519477423410887
14.71 -0.528099656330062
14.72 -0.536688638348209
14.73 -0.545243561010187
14.74 -0.553763590236446
14.75 -0.562247866083905
14.76 -0.570695502547762
14.77 -0.57910558740529
14.78 -0.587477182102672
14.79 -0.595809321685881
14.8 -0.604101014776605
14.81 -0.61235124359416
14.82 -0.620558964024322
14.83 -0.628723105735937
14.84 -0.63684257234616
14.85 -0.644916241635084
14.86 -0.652942965810501
14.87 -0.660921571823457
14.88 -0.668850861735193
14.89 -0.67672961313602
14.9 -0.684556579616587
14.91 -0.692330491291898
14.92 -0.700050055378415
14.93 -0.70771395682441
14.94 -0.715320858993712
14.95 -0.72286940440285
14.96 -0.730358215511498
14.97 -0.73778589556603
14.98 -0.745151029495886
14.99 -0.752452184862292
15 -0.759687912858821
15.01 -0.7668567493631
15.02 -0.773957216038863
15.03 -0.780987821487435
15.04 -0.787947062447559
15.05 -0.794833425042391
15.06 -0.801645386072282
15.07 -0.808381414351923
15.08 -0.815039972090177
15.09 -0.821619516310871
15.1 -0.828118500312638
15.11 -0.834535375165757
15.12 -0.840868591243811
15.13 -0.847116599787861
15.14 -0.853277854500645
15.15 -0.859350813168252
15.16 -0.865333939306537
15.17 -0.871225703829433
15.18 -0.877024586736221
15.19 -0.882729078814674
15.2 -0.888337683356901
15.21 -0.893848917884617
15.22 -0.89926131588047
15.23 -0.904573428521979
15.24 -0.909783826414541
15.25 -0.914891101319938
15.26 -0.919893867876683
15.27 -0.924790765308514
15.28 -0.929580459117323
15.29 -0.934261642756767
15.3 -0.938833039282794
15.31 -0.943293402977352
15.32 -0.947641520941516
15.33 -0.951876214654345
15.34 -0.955996341493753
15.35 -0.960000796215826
15.36 -0.963888512388978
15.37 -0.967658463779496
15.38 -0.971309665685075
15.39 -0.974841176213056
15.4 -0.978252097500204
15.41 -0.981541576870971
15.42 -0.984708807931354
15.43 -0.98775303159559
15.44 -0.99067353704308
15.45 -0.993469662603154
15.46 -0.996140796565399
15.47 -0.998686377913524
15.48 -1.00110589698089
15.49 -1.00339889602608
15.5 -1.00556496972703
15.51 -1.00760376559253
15.52 -1.00951498429008
15.53 -1.01129837988934
15.54 -1.01295376002062
15.55 -1.01448098594801
15.56 -1.01587997255724
15.57 -1.01715068825823
15.58 -1.01829315480278
15.59 -1.01930744701804
15.6 -1.02019369245645
15.61 -1.02095207096336
15.62 -1.0215828141634
15.63 -1.02208620486731
15.64 -1.02246257640056
15.65 -1.02271231185604
15.66 -1.02283584327247
15.67 -1.02283365074105
15.68 -1.02270626144263
15.69 -1.02245424861799
15.7 -1.02207823047391
15.71 -1.02157886902795
15.72 -1.0209568688948
15.73 -1.02021297601751
15.74 -1.01934797634646
15.75 -1.01836269446976
15.76 -1.01725799219806
15.77 -1.01603476710752
15.78 -1.01469395104424
15.79 -1.01323650859372
15.8 -1.01166343551898
15.81 -1.00997575717084
15.82 -1.00817452687396
15.83 -1.00626082429232
15.84 -1.00423575377749
15.85 -1.00210044270353
15.86 -0.999856039791688
15.87 -0.997503713428677
15.88 -0.995044649981658
15.89 -0.992480052113444
15.9 -0.989811137101101
15.91 -0.987039135161143
15.92 -0.984165287784432
15.93 -0.981190846083754
15.94 -0.978117069156983
15.95 -0.974945222468627
15.96 -0.971676576252415
15.97 -0.968312403937526
15.98 -0.964853980600877
15.99 -0.961302581447809
16 -0.957659480323385
16.01 -0.953925948256357
16.02 -0.950103252037788
16.03 -0.946192652836113
16.04 -0.942195404850391
16.05 -0.938112754003273
16.06 -0.93394593667518
16.07 -0.929696178480971
16.08 -0.925364693090358
16.09 -0.92095268109309
16.1 -0.916461328909936
16.11 -0.911891807750264
16.12 -0.907245272616979
16.13 -0.902522861359464
16.14 -0.897725693775016
16.15 -0.892854870759235
16.16 -0.887911473505669
16.17 -0.88289656275497
16.18 -0.877811178093694
16.19 -0.872656337302795
16.2 -0.867433035755839
16.21 -0.862142245866776
16.22 -0.856784916587173
16.23 -0.851361972952611
16.24 -0.845874315678012
16.25 -0.840322820801476
16.26 -0.834708339376282
16.27 -0.829031697210547
16.28 -0.823293694654051
16.29 -0.81749510643171
16.3 -0.81163668152305
16.31 -0.805719143087132
16.32 -0.799743188432204
16.33 -0.793709489029479
16.34 -0.787618690570243
16.35 -0.781471413065656
16.36 -0.775268250988429
16.37 -0.769009773455642
16.38 -0.762696524451949
16.39 -0.756329023092304
16.4 -0.749907763923517
16.41 -0.743433217263706
16.42 -0.736905829578941
16.43 -0.730326023896175
16.44 -0.723694200251669
16.45 -0.717010736174085
16.46 -0.710275987201378
16.47 -0.703490287430701
16.48 -0.696653950100402
16.49 -0.689767268203375
16.5 -0.682830515130803
16.51 -0.675843945345547
16.52 -0.668807795084255
16.53 -0.661722283087367
16.54 -0.654587611356164
16.55 -0.647403965935962
16.56 -0.640171517724617
16.57 -0.632890423305428
16.58 -0.625560825803582
16.59 -0.618182855765199
16.6 -0.61075663205813
16.61 -0.603282262793527
16.62 -0.595759846267261
16.63 -0.58818947192029
16.64 -0.58057122131691
16.65 -0.57290516914
16.66 -0.565191384202164
16.67 -0.557429930471813
16.68 -0.549620868113068
16.69 -0.54176425453842
16.7 -0.533860145473082
16.71 -0.525908596029796
16.72 -0.517909661793031
16.73 -0.509863399911273
16.74 -0.501769870196256
16.75 -0.493629136227776
16.76 -0.485441266462871
16.77 -0.477206335347943
16.78 -0.468924424432472
16.79 -0.460595623482944
16.8 -0.452220031595434
16.81 -0.443797758305467
16.82 -0.435328924693506
16.83 -0.4268136644846
16.84 -0.418252125140468
16.85 -0.409644468942485
16.86 -0.400990874063789
16.87 -0.392291535628819
16.88 -0.383546666758577
16.89 -0.374756499599726
16.9 -0.365921286335824
16.91 -0.357041300178741
16.92 -0.348116836338488
16.93 -0.339148212969504
16.94 -0.330135772091503
16.95 -0.32107988048302
16.96 -0.311980930545627
16.97 -0.302839341136991
16.98 -0.293655558370733
16.99 -0.284430056381271
17 -0.275163338051597
17.01 -0.265855935702209
17.02 -0.256508411739216
17.03 -0.247121359259795
17.04 -0.237695402613203
17.05 -0.228231197915487
17.06 -0.218729433516246
17.07 -0.209190830415655
17.08 -0.199616142630249
17.09 -0.190006157505774
17.1 -0.180361695975763
17.11 -0.170683612764324
17.12 -0.160972796531876
17.13 -0.151230169962657
17.14 -0.141456689792801
17.15 -0.131653346778093
17.16 -0.121821165600406
17.17 -0.111961204712177
17.18 -0.102074556118192
17.19 -0.0921623450942375
17.2 -0.0822257298422909
17.21 -0.0722659010819586
17.22 -0.062284081578227
17.23 -0.0522815256055077
17.24 -0.0422595183483606
17.25 -0.0322193752392071
17.26 -0.0221624412337374
17.27 -0.0120900900246864
17.28 -0.00200372319494843
17.29 0.00809523068883306
17.3 0.0182053170410119
17.31 0.0283250562784666
17.32 0.0384529448974074
17.33 0.0485874566035679
17.34 0.0587270434939458
17.35 0.0688701372878772
17.36 0.0790151506052674
17.37 0.0891604782895258
17.38 0.0993044987726093
17.39 0.109445575479559
17.4 0.119582058269587
17.41 0.129712284910872
17.42 0.139834582585871
17.43 0.149947269424065
17.44 0.160048656058822
17.45 0.170137047204971
17.46 0.180210743253742
17.47 0.19026804188146
17.48 0.200307239668529
17.49 0.210326633725017
17.5 0.220324523319301
17.51 0.230299211506032
17.52 0.240249006749841
17.53 0.250172224541114
17.54 0.260067189000178
17.55 0.269932234466376
17.56 0.279765707068392
17.57 0.289565966272431
17.58 0.29933138640473
17.59 0.309060358145152
17.6 0.318751289988516
17.61 0.328402609670588
17.62 0.338012765555662
17.63 0.347580227982768
17.64 0.357103490567824
17.65 0.366581071458943
17.66 0.376011514542533
17.67 0.385393390597711
17.68 0.394725298396924
17.69 0.404005865750737
17.7 0.41323375049487
17.71 0.422407641417904
17.72 0.431526259128037
17.73 0.440588356857677
17.74 0.449592721204611
17.75 0.458538172808896
17.76 0.4674235669646
17.77 0.476247794165847
17.78 0.485009780586737
17.79 0.493708488494856
17.8 0.502342916598391
17.81 0.510912100326837
17.82 0.519415112045703
17.83 0.527851061205503
17.84 0.536219094425764
17.85 0.544518395514667
17.86 0.552748185425299
17.87 0.560907722149503
17.88 0.568996300550468
17.89 0.577013252135392
17.9 0.584957944769557
17.91 0.592829782333391
17.92 0.600628204324058
17.93 0.608352685403345
17.94 0.616002734893614
17.95 0.623577896223654
17.96 0.631077746326443
17.97 0.638501894990747
17.98 0.645849984168679
17.99 0.653121687241241
18 0.66031670824408
18.01 0.667434781055534
18.02 0.674475668549229
18.03 0.681439161713419
18.04 0.688325078739249
18.05 0.695133264080237
18.06 0.701863587485114
18.07 0.708515943006313
18.08 0.715090247986223
18.09 0.721586442023456
18.1 0.728004485921231
18.11 0.734344360620031
18.12 0.740606066116605
18.13 0.746789620371373
18.14 0.752895058206271
18.15 0.75892243019497
18.16 0.764871801547443
18.17 0.770743250990709
18.18 0.776536869647637
18.19 0.782252759915552
18.2 0.787891034346375
18.21 0.793451814529992
18.22 0.798935229982436
18.23 0.804341417040493
18.24 0.809670517764181
18.25 0.814922678848627
18.26 0.820098050546678
18.27 0.825196785603637
18.28 0.830219038205409
18.29 0.835164962941281
18.3 0.84003471378256
18.31 0.844828443078175
18.32 0.849546300568377
18.33 0.854188432417548
18.34 0.858754980267158
18.35 0.863246080309796
18.36 0.867661862385221
18.37 0.872002449099306
18.38 0.876267954966708
18.39 0.880458485578084
18.4 0.884574136792622
18.41 0.888614993956631
18.42 0.892581131148892
18.43 0.896472610453472
18.44 0.900289481260661
18.45 0.904031779596631
18.46 0.907699527482491
18.47 0.91129273232326
18.48 0.914811386327397
18.49 0.918255465957389
18.5 0.92162493141197
18.51 0.924919726140472
18.52 0.928139776389833
18.53 0.931284990784755
18.54 0.934355259941467
18.55 0.937350456115623
18.56 0.940270432884721
18.57 0.943115024865566
18.58 0.945884047467147
18.59 0.948577296679413
18.6 0.951194548898314
18.61 0.95373556078756
18.62 0.956200069177446
18.63 0.958587791001151
18.64 0.960898423268873
18.65 0.963131643080135
18.66 0.965287107674627
18.67 0.96736445452187
18.68 0.969363301450022
18.69 0.971283246814104
18.7 0.97312386970388
18.71 0.974884730191652
18.72 0.976565369620142
18.73 0.978165310930664
18.74 0.97968405903169
18.75 0.981121101207953
18.76 0.982475907570125
18.77 0.983747931545109
18.78 0.984936610406927
18.79 0.986041365848123
18.8 0.98706160459159
18.81 0.987996719042618
18.82 0.988846087980972
18.83 0.989609077292666
18.84 0.990285040741124
18.85 0.99087332077727
18.86 0.991373249388081
18.87 0.991784148983018
18.88 0.992105333317701
18.89 0.992336108454095
18.9 0.992475773756405
18.91 0.992523622921779
18.92 0.992478945044829
18.93 0.992341025714913
18.94 0.992109148144977
18.95 0.991782594330709
18.96 0.991360646238642
18.97 0.99084258702172
18.98 0.990227702260792
18.99 0.989515281230335
19 0.988704618186669
19.01 0.987795013676773
19.02 0.986785775865738
19.03 0.985676221880796
19.04 0.984465679169744
19.05 0.983153486871501
19.06 0.981738997196454
19.07 0.980221576814115
19.08 0.97860060824558
19.09 0.976875491258145
19.1 0.975045644259404
19.11 0.973110505688029
19.12 0.971069535398405
19.13 0.96892221603622
19.14 0.966668054402035
19.15 0.964306582799845
19.16 0.961837360367572
19.17 0.95925997438642
19.18 0.956574041565987
19.19 0.953779209302015
19.2 0.950875156903679
19.21 0.947861596787279
19.22 0.944738275633254
19.23 0.94150497550345
19.24 0.938161514915612
19.25 0.934707749872104
19.26 0.931143574839975
19.27 0.927468923679477
19.28 0.923683770518304
19.29 0.919788130568881
19.3 0.915782060886107
19.31 0.911665661063167
19.32 0.907439073863015
19.33 0.903102485783442
19.34 0.898656127553599
19.35 0.894100274560206
19.36 0.889435247201651
19.37 0.884661411168519
19.38 0.879779177649191
19.39 0.87478900345934
19.4 0.869691391094432
19.41 0.864486888704428
19.42 0.859176089990208
19.43 0.853759634021376
19.44 0.848238204975348
19.45 0.84261253179788
19.46 0.836883387785341
19.47 0.831051590089356
19.48 0.825117999144558
19.49 0.819083518020547
19.5 0.812949091699212
19.51 0.80671570627895
19.52 0.80038438810741
19.53 0.793956202844639
19.54 0.787432254458759
19.55 0.780813684156379
19.56 0.774101669250278
19.57 0.767297421966929
19.58 0.760402188196742
19.59 0.753417246189922
19.6 0.746343905201127
19.61 0.739183504086114
19.62 0.73193740985377
19.63 0.724607016177047
19.64 0.7171937418663
19.65 0.709699029308791
19.66 0.702124342878015
19.67 0.69447116731671
19.68 0.686741006097336
19.69 0.678935379763923
19.7 0.67105582425919
19.71 0.66310388924076
19.72 0.655081136390445
19.73 0.646989137720344
19.74 0.638829473879685
19.75 0.630603732466067
19.76 0.622313506344921
19.77 0.613960391980728
19.78 0.60554598778359
19.79 0.597071892474637
19.8 0.588539703473542
19.81 0.579951015311492
19.82 0.57130741807262
19.83 0.562610495867003
19.84 0.553861825337972
19.85 0.545062974206556
19.86 0.53621549985554
19.87 0.527320947955586
19.88 0.51838085113573
19.89 0.509396727700245
19.9 0.500370080393948
19.91 0.491302395217616
19.92 0.482195140295225
19.93 0.473049764794413
19.94 0.463867697901467
19.95 0.454650347852026
19.96 0.445399101018394
19.97 0.436115321054375
19.98 0.426800348098203
19.99 0.417455498034195
20 0.408082061813392
20.01 0.398681304833513
20.02 0.389254466378264
20.03 0.379802759115961
20.04 0.370327368657379
20.05 0.360829453172432
20.06 0.351310143065404
20.07 0.341770540708121
20.08 0.332211720230561
20.09 0.322634727368079
20.1 0.313040579364585
20.11 0.303430264930685
20.12 0.293804744255874
20.13 0.284164949073798
20.14 0.27451178277939
20.15 0.264846120596847
20.16 0.255168809797135
20.17 0.245480669963864
20.18 0.235782493306172
20.19 0.226075045017305
20.2 0.216359063677579
20.21 0.206635261700238
20.22 0.196904325818914
20.23 0.187166917615153
20.24 0.177423674084662
20.25 0.167675208240741
20.26 0.157922109753525
20.27 0.148164945623512
20.28 0.13840426088795
20.29 0.128640579358656
20.3 0.118874404389744
20.31 0.10910621967392
20.32 0.0993364900658087
20.33 0.0895656624310125
20.34 0.0797941665193675
20.35 0.0700224158611326
20.36 0.0602508086846395
20.37 0.0504797288540798
20.38 0.0407095468261201
20.39 0.0309406206239293
20.4 0.0211732968274134
20.41 0.0114079115782502
20.42 0.00164479159854807
20.43 -0.00811574477822431
20.44 -0.0178733865652569
20.45 -0.0276278290705744
20.46 -0.0373787728366834
20.47 -0.0471259225728083
20.48 -0.0568689860810346
20.49 -0.0666076731774552
20.5 -0.0763416946096318
20.51 -0.0860707609714566
20.52 -0.095794581616697
20.53 -0.105512863572382
20.54 -0.115225310453193
20.55 -0.124931621378137
20.56 -0.134631489890611
20.57 -0.144324602883169
20.58 -0.154010639528112
20.59 -0.163689270215228
20.6 -0.173360155497837
20.61 -0.183022945048471
20.62 -0.192677276625434
20.63 -0.202322775051501
20.64 -0.21195905120614
20.65 -0.221585701032493
20.66 -0.231202304560567
20.67 -0.240808424947898
20.68 -0.250403607539167
20.69 -0.259987378946159
20.7 -0.269559246149443
20.71 -0.279118695623354
20.72 -0.288665192485619
20.73 -0.298198179673265
20.74 -0.307717077146218
20.75 -0.317221281120245
20.76 -0.326710163330703
20.77 -0.336183070328767
20.78 -0.345639322811687
20.79 -0.35507821498867
20.8 -0.364499013984078
20.81 -0.373900959279476
20.82 -0.383283262196268
20.83 -0.39264510542045
20.84 -0.401985642571223
20.85 -0.411303997814977
20.86 -0.420599265526356
20.87 -0.429870509997951
20.88 -0.439116765200188
20.89 -0.448337034593002
20.9 -0.457530290990753
20.91 -0.466695476481918
20.92 -0.475831502404928
20.93 -0.48493724938157
20.94 -0.494011567409256
20.95 -0.503053276013378
20.96 -0.512061164460986
20.97 -0.521033992036794
20.98 -0.529970488382622
20.99 -0.538869353901058
21 -0.547729260224268
21.01 -0.556548850748519
21.02 -0.565326741235068
21.03 -0.574061520477835
21.04 -0.582751751038109
21.05 -0.591395970046531
21.06 -0.599992690072279
21.07 -0.608540400059374
21.08 -0.617037566329718
21.09 -0.625482633652459
21.1 -0.633874026378936
21.11 -0.64221014964243
21.12 -0.65048939062165
21.13 -0.658710119866721
21.14 -0.666870692686306
21.15 -0.674969450594172
21.16 -0.683004722813472
21.17 -0.690974827836634
21.18 -0.698878075038717
21.19 -0.706712766341778
21.2 -0.714477197927612
21.21 -0.722169661996107
21.22 -0.729788448566129
21.23 -0.737331847315818
21.24 -0.744798149458816
21.25 -0.752185649652964
21.26 -0.759492647937634
21.27 -0.766717451695877
21.28 -0.773858377637302
21.29 -0.780913753797462
21.3 -0.787881921549499
21.31 -0.794761237623515
21.32 -0.801550076129186
21.33 -0.808246830576928
21.34 -0.814849915892936
21.35 -0.821357770423267
21.36 -0.827768857922185
21.37 -0.834081669519887
21.38 -0.840294725664732
21.39 -0.846406578035154
21.4 -0.852415811416369
21.41 -0.858321045537132
21.42 -0.864120936861771
21.43 -0.869814180332881
21.44 -0.875399511060107
21.45 -0.880875705950567
21.46 -0.886241585276649
21.47 -0.89149601417698
21.48 -0.896637904086644
21.49 -0.901666214092785
21.5 -0.906579952212074
21.51 -0.911378176586574
21.52 -0.916059996594932
21.53 -0.920624573875936
21.54 -0.925071123261787
21.55 -0.929398913618726
21.56 -0.933607268592854
21.57 -0.937695567259358
21.58 -0.941663244673537
21.59 -0.945509792322454
21.6 -0.949234758476175
21.61 -0.952837748438014
21.62 -0.956318424693396
21.63 -0.959676506957297
21.64 -0.962911772120522
21.65 -0.966024054095361
21.66 -0.969013243561475
21.67 -0.971879287613134
21.68 -0.974622189309229
21.69 -0.977242007127736
21.7 -0.979738854326565
21.71 -0.982112898213024
21.72 -0.984364359324303
21.73 -0.986493510521675
21.74 -0.988500676001268
21.75 -0.990386230224523
21.76 -0.992150596771587
21.77 -0.993794247121088
21.78 -0.9953176993599
21.79 -0.996721516826618
21.8 -0.998006306692622
21.81 -0.999172718484681
21.82 -1.00022144255317
21.83 -1.00115320849002
21.84 -1.00196878350058
21.85 -1.00266897073368
21.86 -1.00325460757404
21.87 -1.00372656390141
21.88 -1.00408574032062
21.89 -1.0043330663668
21.9 -1.00446949868999
21.91 -1.00449601922332
21.92 -1.00441363333874
21.93 -1.00422336799454
21.94 -1.00392626987834
21.95 -1.00352340354967
21.96 -1.00301584958563
21.97 -1.00240470273351
21.98 -1.00169107007367
21.99 -1.0008760691962
22 -0.999960826394637
22.01 -0.998946474879666
22.02 -0.997834153016063
22.03 -0.996625002585474
22.04 -0.995320167077828
22.05 -0.993920790013881
22.06 -0.992428013301276
22.07 -0.99084297562634
22.08 -0.989166810883691
22.09 -0.987400646645579
22.1 -0.985545602672724
22.11 -0.983602789468288
22.12 -0.981573306876435
22.13 -0.979458242726845
22.14 -0.977258671526335
22.15 -0.974975653198701
22.16 -0.972610231873653
22.17 -0.970163434725696
22.18 -0.967636270863614
22.19 -0.965029730271123
22.2 -0.962344782799173
22.21 -0.959582377210216
22.22 -0.956743440274734
22.23 -0.953828875920149
22.24 -0.950839564432219
22.25 -0.947776361708892
22.26 -0.94464009856654
22.27 -0.94143158009843
22.28 -0.938151585085187
22.29 -0.934800865457019
22.3 -0.931380145807321
22.31 -0.927890122957336
22.32 -0.924331465571414
22.33 -0.92070481382245
22.34 -0.917010779106977
22.35 -0.913249943809451
22.36 -0.909422861115148
22.37 -0.905530054871133
22.38 -0.901572019494753
22.39 -0.897549219929045
22.4 -0.893462091644493
22.41 -0.889311040686525
22.42 -0.885096443768186
22.43 -0.880818648407361
22.44 -0.876477973107977
22.45 -0.872074707584617
22.46 -0.867609113029933
22.47 -0.863081422424331
22.48 -0.858491840887327
22.49 -0.853840546070081
22.5 -0.849127688588505
22.51 -0.844353392496492
22.52 -0.839517755798682
22.53 -0.834620851002308
22.54 -0.829662725707612
22.55 -0.824643403236334
22.56 -0.81956288329782
22.57 -0.814421142692244
22.58 -0.809218136050514
22.59 -0.803953796610353
22.6 -0.798628037028146
22.61 -0.793240750226022
22.62 -0.787791810273741
22.63 -0.782281073304909
22.64 -0.776708378466984
22.65 -0.771073548904635
22.66 -0.765376392775858
22.67 -0.759616704300373
22.68 -0.753794264839672
22.69 -0.747908844008161
22.7 -0.741960200814747
22.71 -0.73594808483419
22.72 -0.729872237407537
22.73 -0.723732392870835
22.74 -0.717528279811379
22.75 -0.711259622350547
22.76 -0.704926141452391
22.77 -0.698527556256924
22.78 -0.692063585437075
22.79 -0.685533948578217
22.8 -0.678938367578991
22.81 -0.672276568072231
22.82 -0.66554828086453
22.83 -0.658753243393082
22.84 -0.651891201198162
22.85 -0.644961909409687
22.86 -0.637965134246046
22.87 -0.630900654523392
22.88 -0.62376826317347
22.89 -0.616567768767874
22.9 -0.609298997046666
22.91 -0.601961792448991
22.92 -0.594556019643433
22.93 -0.587081565055548
22.94 -0.579538338390029
22.95 -0.571926274144848
22.96 -0.564245333114517
22.97 -0.556495503879657
22.98 -0.548676804279815
22.99 -0.540789282866531
23 -0.532833020333398
23.01 -0.524808130919962
23.02 -0.516714763786057
23.03 -0.508553104353215
23.04 -0.500323375609724
23.05 -0.492025839375743
23.06 -0.48366079752504
23.07 -0.475228593159644
23.08 -0.466729611733918
23.09 -0.458164282124346
23.1 -0.449533077641497
23.11 -0.440836516980517
23.12 -0.432075165106593
23.13 -0.423249634071909
23.14 -0.414360583760548
23.15 -0.405408722558055
23.16 -0.39639480794225
23.17 -0.387319646992215
23.18 -0.378184096812297
23.19 -0.36898906486823
23.2 -0.359735509232652
23.21 -0.350424438737324
23.22 -0.34105691302975
23.23 -0.3316340425319
23.24 -0.322156988299161
23.25 -0.312626961777661
23.26 -0.303045224458604
23.27 -0.293413087428296
23.28 -0.283731910812969
23.29 -0.27400310311779
23.3 -0.264228120459635
23.31 -0.254408465693706
23.32 -0.244545687434198
23.33 -0.234641378969741
23.34 -0.2246971770745
23.35 -0.214714760716352
23.36 -0.20469584966371
23.37 -0.194642202993062
23.38 -0.184555617499603
23.39 -0.174437926013599
23.4 -0.164290995625625
23.41 -0.154116725823969
23.42 -0.143917046548025
23.43 -0.133693916161616
23.44 -0.123449319350642
23.45 -0.113185264949724
23.46 -0.102903783702678
23.47 -0.0926069259621215
23.48 -0.0822967593335394
23.49 -0.0719753662695701
23.5 -0.0616448416202839
23.51 -0.0513072901456084
23.52 -0.0409648239960277
23.53 -0.0306195601679426
23.54 -0.020273617940188
23.55 -0.00992911629816597
23.56 0.000411828647690062
23.57 0.0107471062425979
23.58 0.0210746138604993
23.59 0.0313922594630192
23.6 0.0416979641376318
23.61 0.0519896646086322
23.62 0.0622653157144878
23.63 0.0725228928452735
23.64 0.082760394334176
23.65 0.0929758437970263
23.66 0.103167292414247
23.67 0.113332821149598
23.68 0.123470542900549
23.69 0.133578604575239
23.7 0.143655189091262
23.71 0.15369851729195
23.72 0.163706849775905
23.73 0.173678488636114
23.74 0.183611779105044
23.75 0.193505111102714
23.76 0.203356920684843
23.77 0.213165691388729
23.78 0.222929955474734
23.79 0.232648295061624
23.8 0.242319343154463
23.81 0.251941784563934
23.82 0.261514356716514
23.83 0.271035850355048
23.84 0.280505110129841
23.85 0.289921035080447
23.86 0.299282579008893
23.87 0.308588750745226
23.88 0.317838614306553
23.89 0.327031288951176
23.9 0.336165949129441
23.91 0.345241824333434
23.92 0.354258198847625
23.93 0.363214411402996
23.94 0.372109854737247
23.95 0.38094397506386
23.96 0.389716271453085
23.97 0.398426295127848
23.98 0.407073648677944
23.99 0.415657985195748
24 0.424179007336997
24.01 0.432636466310061
24.02 0.441030160797353
24.03 0.449359935812463
24.04 0.457625681496636
24.05 0.465827331858316
24.06 0.473964863459328
24.07 0.482038294051425
24.08 0.490047681166716
24.09 0.497993120665646
24.1 0.505874745245956
24.11 0.513692722916155
24.12 0.521447255436865
24.13 0.529138576733324
24.14 0.536766951282343
24.15 0.544332672476761
24.16 0.55183606097053
24.17 0.559277463007256
24.18 0.56665724873511
24.19 0.573975810510777
24.2 0.581233561195022
24.21 0.58843093244241
24.22 0.595568372987485
24.23 0.602646346929709
24.24 0.609665332019231
24.25 0.61662581794557
24.26 0.623528304631033
24.27 0.630373300530719
24.28 0.637161320940752
24.29 0.643892886316286
24.3 0.650568520600809
24.31 0.657188749568027
24.32 0.663754099177666
24.33 0.670265093946303
24.34 0.676722255334362
24.35 0.683126100150232
24.36 0.689477138972469
24.37 0.695775874590934
24.38 0.702022800467614
24.39 0.708218399217927
24.4 0.714363141113107
24.41 0.720457482604384
24.42 0.726501864869454
24.43 0.732496712381871
24.44 0.738442431503843
24.45 0.744339409102917
24.46 0.750188011193092
24.47 0.755988581600764
24.48 0.76174144065604
24.49 0.76744688390982
24.5 0.773105180877195
24.51 0.778716573807593
24.52 0.784281276482216
24.53 0.789799473039309
24.54 0.795271316827776
24.55 0.800696929289817
24.56 0.80607639887315
24.57 0.811409779973566
24.58 0.816697091908499
24.59 0.821938317922444
24.6 0.827133404225025
24.61 0.832282259062649
24.62 0.837384751824718
24.63 0.842440712185401
24.64 0.847449929282135
24.65 0.852412150931968
24.66 0.857327082887071
24.67 0.862194388130688
24.68 0.867013686214985
24.69 0.87178455264226
24.7 0.876506518291081
24.71 0.881179068889017
24.72 0.885801644533655
24.73 0.890373639263735
24.74 0.894894400682241
24.75 0.899363229633422
24.76 0.903779379935722
24.77 0.908142058172726
24.78 0.912450423544239
24.79 0.916703587779671
24.8 0.920900615116019
24.81 0.925040522342642
24.82 0.929122278915233
24.83 0.933144807141245
24.84 0.937106982439193
24.85 0.94100763367414
24.86 0.944845543571763
24.87 0.948619449213341
24.88 0.95232804261395
24.89 0.955969971386193
24.9 0.959543839491637
24.91 0.963048208082168
24.92 0.966481596433286
24.93 0.969842482971351
24.94 0.973129306396631
24.95 0.976340466903867
24.96 0.979474327501956
24.97 0.982529215434136
24.98 0.985503423699923
24.99 0.988395212679801
25 0.991202811863474
25.01 0.993924421682215
25.02 0.99655821544563
25.03 0.99910234138282
25.04 1.00155492478766
25.05 1.00391407026763
25.06 1.00617786409513
25.07 1.00834437666018
25.08 1.01041166502264
25.09 1.01237777556205
25.1 1.01424074672254
25.11 1.01599861185
25.12 1.01764940211828
25.13 1.01919114954051
25.14 1.02062189006165
25.15 1.02193966672746
25.16 1.02314253292492
25.17 1.02422855568859
25.18 1.0251958190669
25.19 1.02604242754207
25.2 1.02676650949671
25.21 1.02736622071985
25.22 1.02783974794475
25.23 1.02818531241032
25.24 1.02840117343771
25.25 1.02848563201316
25.26 1.02843703436803
25.27 1.02825377554631
25.28 1.02793430295005
25.29 1.02747711985246
25.3 1.0268807888686
25.31 1.02614393537312
25.32 1.02526525085454
25.33 1.02424349619546
25.34 1.02307750486798
25.35 1.02176618603362
25.36 1.02030852753733
25.37 1.01870359878475
25.38 1.01695055349275
25.39 1.01504863230288
25.4 1.012997165248
25.41 1.01079557406254
25.42 1.00844337432723
25.43 1.00594017743968
25.44 1.00328569240244
25.45 1.00047972742095
25.46 0.997522191304303
25.47 0.994413094662148
25.48 0.991152550892137
25.49 0.987740776952644
25.5 0.98417809391644
25.51 0.980464927301721
25.52 0.976601807177682
25.53 0.972589368042643
25.54 0.968428348473631
25.55 0.964119590547084
25.56 0.959664039031306
25.57 0.955062740352064
25.58 0.95031684133369
25.59 0.945427587718798
25.6 0.940396322470658
25.61 0.935224483863024
25.62 0.929913603363062
25.63 0.924465303313778
25.64 0.918881294423061
25.65 0.913163373067234
25.66 0.907313418417547
25.67 0.901333389398816
25.68 0.895225321489823
25.69 0.888991323375732
25.7 0.882633573463187
25.71 0.876154316269144
25.72 0.869555858694908
25.73 0.862840566197045
25.74 0.856010858867171
25.75 0.849069207432679
25.76 0.842018129190695
25.77 0.834860183887488
25.78 0.82759796955562
25.79 0.820234118321072
25.8 0.812771292192357
25.81 0.805212178843599
25.82 0.797559487403185
25.83 0.789815944259451
25.84 0.781984288894417
25.85 0.774067269756347
25.86 0.76606764018139
25.87 0.757988154374186
25.88 0.749831563456874
25.89 0.741600611595324
25.9 0.733298032211065
25.91 0.72492654428664
25.92 0.716488848771765
25.93 0.707987625096913
25.94 0.69942552780047
25.95 0.690805183275035
25.96 0.682129186637739
25.97 0.67340009872902
25.98 0.664620443243556
25.99 0.655792703996656
26 0.64691932232864
26.01 0.63800269464943
26.02 0.629045170124797
26.03 0.620049048505387
26.04 0.611016578099071
26.05 0.601949953886646
26.06 0.592851315780597
26.07 0.583722747026039
26.08 0.574566272742726
26.09 0.565383858606463
26.1 0.556177409668101
26.11 0.546948769307799
26.12 0.537699718322042
26.13 0.52843197414067
26.14 0.519147190170783
26.15 0.509846955264393
26.16 0.500532793306285
26.17 0.491206162918599
26.18 0.481868457278341
26.19 0.472521004044013
26.2 0.463165065387506
26.21 0.453801838127176
26.22 0.444432453958217
26.23 0.435057979776177
26.24 0.425679418089697
26.25 0.41629770751836
26.26 0.406913723371772
26.27 0.397528278305873
26.28 0.388142123052643
26.29 0.378755947219484
26.3 0.369370380154488
26.31 0.359985991874135
26.32 0.350603294049835
26.33 0.341222741050105
26.34 0.331844731035037
26.35 0.322469607100121
26.36 0.313097658466398
26.37 0.303729121714203
26.38 0.294364182057923
26.39 0.285002974659208
26.4 0.275645585976443
26.41 0.266292055148227
26.42 0.256942375408971
26.43 0.247596495534726
26.44 0.238254321317592
26.45 0.228915717067248
26.46 0.219580507138173
26.47 0.210248477481457
26.48 0.200919377220064
26.49 0.191592920246749
26.5 0.182268786843771
26.51 0.172946625323888
26.52 0.163626053692073
26.53 0.154306661327612
26.54 0.144988010686402
26.55 0.135669639023229
26.56 0.126351060134123
26.57 0.117031766118763
26.58 0.107711229163225
26.59 0.0983889033432285
26.6 0.0890642264483141
26.61 0.0797366218272921
26.62 0.0704055002554471
26.63 0.0610702618240512
26.64 0.051730297852654
26.65 0.042384992824832
26.66 0.0330337263478898
26.67 0.02367587513722
26.68 0.0143108150258382
26.69 0.00493792299970895
26.7 -0.00444342074055283
26.71 -0.0138338306911761
26.72 -0.023233913929366
26.73 -0.032644267969796
26.74 -0.0420654785930488
26.75 -0.0514981176459093
26.76 -0.0609427408133137
26.77 -0.0703998853620727
26.78 -0.0798700678565162
26.79 -0.0893537818463627
26.8 -0.0988514955274135
26.81 -0.108363649375672
26.82 -0.117890653755916
26.83 -0.12743288650575
26.84 -0.13699069049664
26.85 -0.146564371173466
26.86 -0.156154194074599
26.87 -0.165760382334694
26.88 -0.175383114172686
26.89 -0.185022520367937
26.9 -0.194678681727625
26.91 -0.204351626549046
26.92 -0.214041328080655
26.93 -0.223747701986247
26.94 -0.233470603816977
26.95 -0.243209826496295
26.96 -0.252965097823448
26.97 -0.262736078001409
26.98 -0.272522357195776
26.99 -0.282323453131351
27 -0.292138808733836
27.01 -0.301967789824242
27.02 -0.311809682874278
27.03 -0.321663692831275
27.04 -0.331528941021617
27.05 -0.341404463142183
27.06 -0.351289207349487
27.07 -0.361182032456797
27.08 -0.371081706249605
27.09 -0.380986903930375
27.1 -0.390896206703527
27.11 -0.400808100512048
27.12 -0.41072097493718
27.13 -0.420633122272771
27.14 -0.430542736786065
27.15 -0.440447914176547
27.16 -0.450346651244604
27.17 -0.460236845781453
27.18 -0.470116296691755
27.19 -0.479982704359974
27.2 -0.489833671271136
27.21 -0.499666702896363
27.22 -0.509479208852791
27.23 -0.519268504347086
27.24 -0.529031811910806
27.25 -0.538766263435273
27.26 -0.548468902512451
27.27 -0.558136687087524
27.28 -0.567766492427596
27.29 -0.577355114409748
27.3 -0.586899273130485
27.31 -0.596395616837013
27.32 -0.605840726179536
27.33 -0.61523111878198
27.34 -0.624563254127138
27.35 -0.633833538750359
27.36 -0.64303833173431
27.37 -0.652173950495505
27.38 -0.66123667685143
27.39 -0.670222763355454
27.4 -0.679128439884657
27.41 -0.687949920464145
27.42 -0.696683410309424
27.43 -0.705325113066854
27.44 -0.713871238230429
27.45 -0.722318008711527
27.46 -0.730661668536882
27.47 -0.738898490648474
27.48 -0.747024784777949
27.49 -0.755036905366858
27.5 -0.762931259503238
27.51 -0.770704314844047
27.52 -0.778352607492513
27.53 -0.785872749798913
27.54 -0.793261438053064
27.55 -0.800515460036876
27.56 -0.807631702405315
27.57 -0.814607157864742
27.58 -0.821438932117953
27.59 -0.828124250546313
27.6 -0.834660464600191
27.61 -0.8410450578703
27.62 -0.847275651813904
27.63 -0.853350011111459
27.64 -0.859266048631142
27.65 -0.865021829980567
27.66 -0.870615577627195
27.67 -0.876045674571101
27.68 -0.88131066755616
27.69 -0.886409269808139
27.7 -0.891340363290635
27.71 -0.896103000472478
27.72 -0.90069640560263
27.73 -0.905119975491382
27.74 -0.909373279799064
27.75 -0.913456060836146
27.76 -0.917368232880979
27.77 -0.921109881023915
27.78 -0.924681259548805
27.79 -0.928082789865038
27.8 -0.931315058005441
27.81 -0.934378811707161
27.82 -0.937274957094523
27.83 -0.940004554984368
27.84 -0.942568816835893
27.85 -0.944969100368157
27.86 -0.947206904869579
27.87 -0.949283866224554
27.88 -0.951201751683036
27.89 -0.952962454399427
27.9 -0.954567987767419
27.91 -0.956020479577596
27.92 -0.957322166024517
27.93 -0.958475385589877
27.94 -0.959482572827898
27.95 -0.960346252078654
27.96 -0.961069031134381
27.97 -0.96165359488304
27.98 -0.962102698952535
27.99 -0.962419163378011
28 -0.962605866313567
28.01 -0.962665737808612
28.02 -0.962601753667851
28.03 -0.962416929412642
28.04 -0.962114314360191
28.05 -0.961696985835692
28.06 -0.961168043531213
28.07 -0.96053060402378
28.08 -0.959787795463758
28.09 -0.958942752443323
28.1 -0.95799861105351
28.11 -0.956958504137058
28.12 -0.955825556743012
28.13 -0.954602881787902
28.14 -0.953293575927112
28.15 -0.951900715639018
28.16 -0.950427353523395
28.17 -0.948876514814655
28.18 -0.947251194109518
28.19 -0.945554352307913
28.2 -0.943788913765086
28.21 -0.941957763652167
28.22 -0.94006374552181
28.23 -0.938109659074897
28.24 -0.936098258123773
28.25 -0.934032248746995
28.26 -0.931914287630181
28.27 -0.929746980587151
28.28 -0.927532881255272
28.29 -0.925274489958669
28.3 -0.922974252732718
28.31 -0.920634560503139
28.32 -0.918257748412827
28.33 -0.915846095289542
28.34 -0.91340182324749
28.35 -0.910927097415869
28.36 -0.908424025787444
28.37 -0.905894659180297
28.38 -0.903340991305981
28.39 -0.900764958937389
28.4 -0.898168442169812
28.41 -0.895553264768781
28.42 -0.89292119459845
28.43 -0.890273944124477
28.44 -0.887613170985506
28.45 -0.884940478627601
28.46 -0.882257416996128
28.47 -0.879565483279853
28.48 -0.876866122702178
28.49 -0.874160729354717
28.5 -0.871450647068566
28.51 -0.868737170318906
28.52 -0.866021545158745
28.53 -0.863304970177842
28.54 -0.860588597483101
28.55 -0.857873533696848
28.56 -0.855160840969729
28.57 -0.852451538005053
28.58 -0.849746601091699
28.59 -0.847046965142809
28.6 -0.844353524737764
28.61 -0.841667135165034
28.62 -0.838988613463726
28.63 -0.836318739461806
28.64 -0.833658256809094
28.65 -0.831007874003352
28.66 -0.828368265407858
28.67 -0.825740072259057
28.68 -0.823123903662967
28.69 -0.820520337579182
28.7 -0.817929921791404
28.71 -0.815353174863557
28.72 -0.812790587080654
28.73 -0.810242621373666
28.74 -0.807709714227762
28.75 -0.805192276573347
28.76 -0.802690694659438
28.77 -0.800205330908975
28.78 -0.797736524755734
28.79 -0.795284593462603
28.8 -0.792849832921002
28.81 -0.790432518431329
28.82 -0.788032905464328
28.83 -0.785651230403361
28.84 -0.783287711267573
28.85 -0.78094254841602
28.86 -0.778615925232837
28.87 -0.776308008793557
28.88 -0.774018950512767
28.89 -0.771748886773247
28.9 -0.76949793953682
28.91 -0.767266216937143
28.92 -0.765053813854674
28.93 -0.762860812474102
28.94 -0.760687282824514
28.95 -0.758533283302595
28.96 -0.756398861179176
28.97 -0.754284053089455
28.98 -0.752188885507205
