-0.00333333333333333 1.0004668914734
0 1
0.00333333333333333 0.99953395614373
0.00666666666666667 0.999068741120349
0.01 0.998604334970671
0.0133333333333333 0.998140716516313
0.0166666666666667 0.997677863314151
0.02 0.997215751609468
0.0233333333333333 0.99675435628777
0.0266666666666667 0.996293650825261
0.03 0.995833607237952
0.0333333333333333 0.995374196029396
0.0366666666666667 0.994915386137042
0.04 0.994457144877181
0.0433333333333333 0.9939994378885
0.0466666666666667 0.993542229074217
0.05 0.993085480542804
0.0533333333333333 0.992629152547305
0.0566666666666667 0.992173203423236
0.06 0.991717589525083
0.0633333333333333 0.991262265161421
0.0666666666666667 0.990807182528635
0.07 0.990352291643295
0.0733333333333333 0.9898975402732
0.0766666666666667 0.989442873867099
0.08 0.988988235483157
0.0833333333333333 0.988533565716176
0.0866666666666667 0.988078802623629
0.09 0.987623881650567
0.0933333333333333 0.987168735553442
0.0966666666666667 0.986713294322919
0.1 0.986257485105763
0.103333333333333 0.98580123212586
0.106666666666667 0.985344456604494
0.11 0.984887076679946
0.113333333333333 0.98442900732656
0.116666666666667 0.983970160273371
0.12 0.983510443922442
0.123333333333333 0.983049763267042
0.126666666666667 0.982588019809835
0.13 0.982125111481233
0.133333333333333 0.981660932558093
0.136666666666667 0.98119537358297
0.14 0.980728321284108
0.143333333333333 0.980259658496415
0.146666666666667 0.979789264083632
0.15 0.979317012861981
0.153333333333333 0.978842775525531
0.156666666666667 0.978366418573576
0.16 0.977887804240334
0.163333333333333 0.977406790427265
0.166666666666667 0.97692323063837
0.17 0.976436973918781
0.173333333333333 0.975947864797063
0.176666666666667 0.975455743231557
0.18 0.974960444561221
0.183333333333333 0.974461799461344
0.186666666666667 0.973959633904602
0.19 0.973453769127891
0.193333333333333 0.972944021605417
0.196666666666667 0.972430203028518
0.2 0.971912120292728
0.203333333333333 0.971389575492596
0.206666666666667 0.97086236592477
0.21 0.970330284099907
0.213333333333333 0.969793117763939
0.216666666666667 0.969250649929258
0.22 0.968702658916379
0.223333333333333 0.968148918406653
0.226666666666667 0.967589197506594
0.23 0.967023260824381
0.233333333333333 0.966450868559118
0.236666666666667 0.965871776603395
0.24 0.96528573665971
0.243333333333333 0.964692496371271
0.246666666666667 0.964091799467725
0.25 0.963483385926291
0.253333333333333 0.962866992148772
0.256666666666667 0.962242351154917
0.26 0.961609192792496
0.263333333333333 0.960967243964523
0.266666666666667 0.960316228873898
0.27 0.959655869285785
0.273333333333333 0.958985884807932
0.276666666666667 0.958305993189132
0.28 0.95761591063587
0.283333333333333 0.956915352147256
0.286666666666667 0.956204031868138
0.29 0.95548166346033
0.293333333333333 0.954747960491686
0.296666666666667 0.954002636842764
0.3 0.953245407130663
0.303333333333333 0.952475987149526
0.306666666666667 0.951694094327135
0.31 0.950899448196851
0.313333333333333 0.950091770884106
0.316666666666667 0.949270787606495
0.32 0.948436227186426
0.323333333333333 0.947587822575136
0.326666666666667 0.946725311386826
0.33 0.945848436441458
0.333333333333333 0.944956946314738
0.336666666666667 0.944050595893631
0.34 0.943129146935653
0.343333333333333 0.942192368630103
0.346666666666667 0.941240038159281
0.35 0.940271941257634
0.353333333333333 0.939287872766695
0.356666666666667 0.938287637183621
0.36 0.937271049201029
0.363333333333333 0.936237934235793
0.366666666666667 0.93518812894443
0.37 0.934121481722646
0.373333333333333 0.933037853186617
0.376666666666667 0.931937116633558
0.38 0.930819158479162
0.383333333333333 0.929683878669498
0.386666666666667 0.928531191065034
0.39 0.927361023794469
0.393333333333333 0.926173319576179
0.396666666666667 0.924968036005155
0.4 0.923745145803423
0.403333333333333 0.922504637032085
0.406666666666667 0.921246513263243
0.41 0.919970793710244
0.413333333333333 0.91867751331487
0.416666666666667 0.917366722790261
0.42 0.916038488618588
0.423333333333333 0.914692893002698
0.426666666666667 0.91333003377118
0.43 0.91195002423652
0.433333333333333 0.910552993006286
0.436666666666667 0.909139083747487
0.44 0.907708454904516
0.443333333333333 0.906261279371354
0.446666666666667 0.904797744118898
0.45 0.903318049778583
0.453333333333333 0.901822410183673
0.456666666666667 0.900311051869801
0.46 0.8987842135366
0.463333333333333 0.897242145472456
0.466666666666667 0.895685108944577
0.47 0.894113375556803
0.473333333333333 0.892527226577702
0.476666666666667 0.890926952241661
0.48 0.889312851025785
0.483333333333333 0.887685228905555
0.486666666666667 0.886044398592256
0.49 0.884390678755238
0.493333333333333 0.882724393232167
0.496666666666667 0.881045870230369
0.5 0.879355441522441
0.503333333333333 0.877653441639251
0.506666666666667 0.875940207063389
0.51 0.874216075426111
0.513333333333333 0.872481384710714
0.516666666666667 0.870736472465204
0.52 0.868981675026967
0.523333333333333 0.867217326762084
0.526666666666667 0.865443759321757
0.53 0.863661300918149
0.533333333333333 0.861870275621826
0.536666666666667 0.860071002682777
0.54 0.858263795876826
0.543333333333333 0.856448962879092
0.546666666666667 0.854626804665912
0.55 0.852797614946525
0.553333333333333 0.850961679625582
0.556666666666667 0.849119276297358
0.56 0.847270673772409
0.563333333333333 0.845416131637155
0.566666666666667 0.843555899846812
0.57 0.841690218351775
0.573333333333333 0.839819316757568
0.576666666666667 0.837943414018144
0.58 0.836062718162355
0.583333333333333 0.834177426053096
0.586666666666667 0.832287723178663
0.59 0.830393783475629
0.593333333333333 0.8284957691825
0.596666666666667 0.826593830723316
0.6 0.824688106620238
0.603333333333333 0.82277872343413
0.606666666666667 0.820865795732062
0.61 0.818949426080619
0.613333333333333 0.817029705063818
0.616666666666667 0.815106711324478
0.62 0.813180511627772
0.623333333333333 0.811251160945742
0.626666666666667 0.809318702561533
0.63 0.807383168192055
0.633333333333333 0.805444578127886
0.636666666666667 0.803502941389126
0.64 0.801558255896039
0.643333333333333 0.799610508653249
0.646666666666667 0.797659675946378
0.65 0.795705723549968
0.653333333333333 0.793748606945607
0.656666666666667 0.791788271549237
0.66 0.789824652946606
0.663333333333333 0.787857677135947
0.666666666666667 0.785887260776948
0.67 0.78391331144518
0.673333333333333 0.781935727891159
0.676666666666667 0.779954400303304
0.68 0.777969210574082
0.683333333333333 0.77598003256869
0.686666666666667 0.773986732395672
0.69 0.771989168678946
0.693333333333333 0.769987192830706
0.696666666666667 0.767980649324799
0.7 0.765969375970132
0.703333333333333 0.763953204183797
0.706666666666667 0.76193195926358
0.71 0.759905460659603
0.713333333333333 0.757873522244885
0.716666666666667 0.75583595258463
0.72 0.753792555204102
0.723333333333333 0.751743128855
0.726666666666667 0.74968746778023
0.73 0.747625361977082
0.733333333333333 0.745556597458759
0.736666666666667 0.74348095651431
0.74 0.741398217967015
0.743333333333333 0.739308157431285
0.746666666666667 0.737210547568177
0.75 0.735105158339654
0.753333333333333 0.732991757261707
0.756666666666667 0.730870109656521
0.76 0.728739978903826
0.763333333333333 0.726601126691633
0.766666666666667 0.724453313266563
0.77 0.722296297683933
0.773333333333333 0.720129838057867
0.776666666666667 0.717953691811608
0.78 0.715767615928278
0.783333333333333 0.71357136720232
0.786666666666667 0.711364702491831
0.79 0.709147378972035
0.793333333333333 0.706919154390127
0.796666666666667 0.7046797873217
0.8 0.702429037428986
0.803333333333333 0.700166665721132
0.806666666666667 0.69789243481671
0.81 0.695606109208671
0.813333333333333 0.693307455531917
0.816666666666667 0.690996242833688
0.82 0.688672242846916
0.823333333333333 0.686335230266699
0.826666666666667 0.683984983030022
0.83 0.681621282598851
0.833333333333333 0.679243914246695
0.836666666666667 0.67685266734869
0.84 0.674447335675298
0.843333333333333 0.672027717689613
0.846666666666667 0.669593616848294
0.85 0.667144841906114
0.853333333333333 0.664681207224055
0.856666666666667 0.662202533080879
0.86 0.659708645988076
0.863333333333333 0.657199379008026
0.866666666666667 0.654674572075216
0.87 0.652134072320309
0.873333333333333 0.649577734396783
0.876666666666667 0.647005420809914
0.88 0.644417002247731
0.883333333333333 0.641812357913609
0.886666666666667 0.639191375860107
0.89 0.636553953323577
0.893333333333333 0.63389999705911
0.896666666666667 0.631229423675241
0.9 0.628542159967892
0.903333333333333 0.625838143252907
0.906666666666667 0.623117321696552
0.91 0.620379654643254
0.913333333333333 0.617625112939858
0.916666666666667 0.614853679255619
0.92 0.61206534839708
0.923333333333333 0.609260127616987
0.926666666666667 0.606438036916331
0.93 0.60359910933855
0.933333333333333 0.600743391254927
0.936666666666667 0.597870942640148
0.94 0.59498183733696
0.943333333333333 0.592076163308855
0.946666666666667 0.589154022879648
0.95 0.586215532958815
0.953333333333333 0.583260825251416
0.956666666666667 0.580290046451444
0.96 0.577303358417359
0.963333333333333 0.574300938328638
0.966666666666667 0.57128297882211
0.97 0.568249688106851
0.973333333333333 0.565201290056454
0.976666666666667 0.56213802427744
0.98 0.559060146152657
0.983333333333333 0.555967926858485
0.986666666666667 0.552861653354725
0.99 0.549741628346057
0.993333333333333 0.546608170214039
0.996666666666667 0.543461612918605
1 0.54030230586814
1.00333333333333 0.537130613757228
1.00666666666667 0.533946916371261
1.01 0.530751608357159
1.01333333333333 0.527545098959569
1.01666666666667 0.524327811721947
1.02 0.521100184152082
1.02333333333333 0.517862667351693
1.02666666666667 0.51461572560985
1.03 0.511359835960088
1.03333333333333 0.508095487701207
1.03666666666667 0.504823181881876
1.04 0.501543430749303
1.04333333333333 0.498256757162341
1.04666666666667 0.494963693969592
1.05 0.491664783353153
1.05333333333333 0.488360576138844
1.05666666666667 0.485051631073872
1.06 0.481738514073065
1.06333333333333 0.478421797434906
1.06666666666667 0.475102059028802
1.07 0.471779881455129
1.07333333333333 0.468455851179736
1.07666666666667 0.465130557644745
1.08 0.461804592357607
1.08333333333333 0.45847854796048
1.08666666666667 0.455153017282163
1.09 0.451828592374874
1.09333333333333 0.448505863538293
1.09666666666667 0.445185418333393
1.1 0.441867840588641
1.10333333333333 0.438553709401229
1.10666666666667 0.435243598136073
1.11 0.431938073425348
1.11333333333333 0.428637694171356
1.11666666666667 0.425343010555584
1.12 0.422054563056769
1.12333333333333 0.418772881480813
1.12666666666667 0.415498484005378
1.13 0.412231876241929
1.13333333333333 0.408973550317975
1.13666666666667 0.405723983982189
1.14 0.40248363973501
1.14333333333333 0.399252963987255
1.14666666666667 0.396032386249157
1.15 0.392822318352151
1.15333333333333 0.389623153705598
1.15666666666667 0.386435266590506
1.16 0.383259011492167
1.16333333333333 0.380094722473482
1.16666666666667 0.376942712590584
1.17 0.373803273352205
1.17333333333333 0.370676674224057
1.17666666666667 0.367563162179339
1.18 0.364462961296277
1.18333333333333 0.361376272403448
1.18666666666667 0.358303272773434
1.19 0.355244115865191
1.19333333333333 0.352198931115316
1.19666666666667 0.349167823778227
1.2 0.346150874815089
1.20333333333333 0.34314814083115
1.20666666666667 0.340159654060981
1.21 0.337185422400947
1.21333333333333 0.33422542948809
1.21666666666667 0.33127963482445
1.22 0.328347973945717
1.22333333333333 0.325430358632964
1.22666666666667 0.322526677166105
1.23 0.319636794617604
1.23333333333333 0.316760553184854
1.23666666666667 0.313897772559558
1.24 0.311048250332368
1.24333333333333 0.30821176243097
1.24666666666667 0.305388063589726
1.25 0.30257688784896
1.25333333333333 0.299777949081922
1.25666666666667 0.296990941547449
1.26 0.294215540466305
1.26333333333333 0.291451402619207
1.26666666666667 0.28869816696451
1.27 0.285955455273576
1.27333333333333 0.28322287278183
1.27666666666667 0.280500008853575
1.28 0.277786437658647
1.28333333333333 0.275081718859051
1.28666666666667 0.272385398303751
1.29 0.269697008729879
1.29333333333333 0.267016070468642
1.29666666666667 0.264342092154311
1.3 0.261674571434738
1.30333333333333 0.259012995681901
1.30666666666667 0.256356842701091
1.31 0.2537055814374
1.31333333333333 0.251058672678279
1.31666666666667 0.248415569750995
1.32 0.245775719213922
1.32333333333333 0.243138561540673
1.32666666666667 0.240503531796162
1.33 0.237870060303787
1.33333333333333 0.235237573302989
1.33666666666667 0.232605493596536
1.34 0.22997324118695
1.34333333333333 0.227340233901605
1.34666666666667 0.224705888006046
1.35 0.222069618805214
1.35333333333333 0.219430841232286
1.35666666666667 0.216788970424934
1.36 0.214143422288871
1.36333333333333 0.211493614048592
1.36666666666667 0.208838964785312
1.37 0.206178895962129
1.37333333333333 0.203512831936508
1.37666666666667 0.200840200460232
1.38 0.198160433166988
1.38333333333333 0.195472966047846
1.38666666666667 0.192777239914863
1.39 0.190072700853137
1.39333333333333 0.187358800661635
1.39666666666667 0.184634997283151
1.4 0.181900755223777
1.40333333333333 0.179155545962298
1.40666666666667 0.176398848349928
1.41 0.173630149000821
1.41333333333333 0.170848942673803
1.41666666666667 0.168054732645791
1.42 0.165247031077345
1.42333333333333 0.162425359370825
1.42666666666667 0.159589248521606
1.43 0.156738239462828
1.43333333333333 0.153871883404108
1.43666666666667 0.150989742164685
1.44 0.14809138850141
1.44333333333333 0.145176406432021
1.44666666666667 0.142244391554096
1.45 0.13929495136008
1.45333333333333 0.136327705548753
1.45666666666667 0.133342286333491
1.46 0.130338338747636
1.46333333333333 0.127315520947289
1.46666666666667 0.12427350451179
1.47 0.121211974742134
1.47333333333333 0.118130630957536
1.47666666666667 0.115029186790341
1.48 0.111907370479407
1.48333333333333 0.108764925162112
1.48666666666667 0.105601609165035
1.49 0.102417196293383
1.49333333333333 0.0992114761191504
1.49666666666667 0.0959842542680076
1.5 0.0927353527048185
1.50333333333333 0.0894646100177041
1.50666666666667 0.086171881700483
1.51 0.0828570404333041
1.51333333333333 0.0795199763612341
1.51666666666667 0.0761605973705184
1.52 0.0727788293621947
1.52333333333333 0.0693746165226927
1.52666666666667 0.0659479215910072
1.53 0.0624987261219885
1.53333333333333 0.059027030745254
1.53666666666667 0.0555328554191704
1.54 0.0520162396793236
1.54333333333333 0.0484772428808397
1.54666666666667 0.0449159444338836
1.55 0.0413324440316145
1.55333333333333 0.0377268618698427
1.55666666666667 0.0340993388575798
1.56 0.0304500368176469
1.56333333333333 0.026779138676461
1.56666666666667 0.0230868486420808
1.57 0.0193733923695637
1.57333333333333 0.015639017112652
1.57666666666667 0.0118839918607668
1.58 0.00810860746027646
1.58333333333333 0.0043131767189614
1.58666666666667 0.000498034492589615
1.59 -0.00333646224751234
1.59333333333333 -0.00718993436701604
1.59666666666667 -0.0110619805424239
1.6 -0.0149521772573193
1.60333333333333 -0.018860078822196
1.60666666666667 -0.0227852174190179
1.61 -0.0267271031716631
1.61333333333333 -0.0306852242433914
1.61666666666667 -0.0346590469624709
1.62 -0.0386480159770646
1.62333333333333 -0.0426515544404714
1.62666666666667 -0.0466690642277709
1.63 -0.0506999261848957
1.63333333333333 -0.0547435004111046
1.63666666666667 -0.0587991265757934
1.64 -0.0628661242705126
1.64333333333333 -0.0669437933970137
1.64666666666667 -0.071031414592069
1.65 -0.0751282496897461
1.65333333333333 -0.0792335422217279
1.65666666666667 -0.0833465179561984
1.66 -0.0874663854757054
1.66333333333333 -0.0915923367943295
1.66666666666667 -0.0957235480143757
1.67 -0.0998591800226938
1.67333333333333 -0.103998379226628
1.67666666666667 -0.108140278329464
1.68 -0.112283997145127
1.68333333333333 -0.11642864345175
1.68666666666667 -0.120573313883598
1.69 -0.124717094860696
1.69333333333333 -0.128859063555372
1.69666666666667 -0.132998288894791
1.7 -0.137133832598383
1.70333333333333 -0.141264750248956
1.70666666666667 -0.145390092396127
1.71 -0.149508905690541
1.71333333333333 -0.153620234047233
1.71666666666667 -0.157723119836311
1.72 -0.161816605099034
1.72333333333333 -0.165899732787182
1.72666666666667 -0.169971548023501
1.73 -0.174031099380895
1.73333333333333 -0.178077440177859
1.73666666666667 -0.182109629787591
1.74 -0.186126734958075
1.74333333333333 -0.19012783114032
1.74666666666667 -0.19411200382188
1.75 -0.198078349862655
1.75333333333333 -0.202025978829941
1.75666666666667 -0.205954014329588
1.76 -0.209861595330115
1.76333333333333 -0.213747877476568
1.76666666666667 -0.217612034390892
1.77 -0.221453258955552
1.77333333333333 -0.225270764577167
1.77666666666667 -0.229063786426916
1.78 -0.232831582654495
1.78333333333333 -0.236573435572464
1.78666666666667 -0.240288652807843
1.79 -0.243976568417937
1.79333333333333 -0.247636543967377
1.79666666666667 -0.251267969563532
1.8 -0.254870264847494
1.80333333333333 -0.258442879937999
1.80666666666667 -0.261985296325747
1.81 -0.26549702771575
1.81333333333333 -0.268977620815469
1.81666666666667 -0.272426656066687
1.82 -0.275843748319208
1.82333333333333 -0.279228547444681
1.82666666666667 -0.28258073888902
1.83 -0.285900044162074
1.83333333333333 -0.289186221263434
1.83666666666667 -0.292439065043436
1.84 -0.295658407498623
1.84333333333333 -0.298844118001184
1.84666666666667 -0.301996103462022
1.85 -0.305114308427398
1.85333333333333 -0.308198715109225
1.85666666666667 -0.311249343349356
1.86 -0.314266250518382
1.86333333333333 -0.317249531349644
1.86666666666667 -0.320199317709398
1.87 -0.323115778304211
1.87333333333333 -0.325999118326871
1.87666666666667 -0.328849579042279
1.88 -0.331667437314913
1.88333333333333 -0.334453005079646
1.88666666666667 -0.337206628757831
1.89 -0.339928688620687
1.89333333333333 -0.342619598102166
1.89666666666667 -0.345279803063569
1.9 -0.347909781012288
1.90333333333333 -0.350510040277143
1.90666666666667 -0.353081119142851
1.91 -0.355623584946219
1.91333333333333 -0.358138033136731
1.91666666666667 -0.360625086304196
1.92 -0.3630853931762
1.92333333333333 -0.365519627588071
1.92666666666667 -0.367928487428105
1.93 -0.370312693560781
1.93333333333333 -0.372672988730668
1.93666666666667 -0.375010136449714
1.94 -0.377324919870551
1.94333333333333 -0.379618140648424
1.94666666666667 -0.381890617794268
1.95 -0.384143186521426
1.95333333333333 -0.3863766970884
1.95666666666667 -0.388592013639967
1.96 -0.390790013048906
1.96333333333333 -0.392971583760467
1.96666666666667 -0.395137624641679
1.97 -0.39728904383741
1.97333333333333 -0.399426757635072
1.97666666666667 -0.401551689339694
1.98 -0.403664768161032
1.98333333333333 -0.405766928114228
1.98666666666667 -0.407859106935453
1.99 -0.409942245013842
1.99333333333333 -0.412017284340937
1.99666666666667 -0.414085167478707
2 -0.416146836547142
2.00333333333333 -0.418203232232306
2.00666666666667 -0.420255292815596
2.01 -0.422303953224888
2.01333333333333 -0.424350144108145
2.01666666666667 -0.42639479092993
2.02 -0.428438813091217
2.02333333333333 -0.430483123072786
2.02666666666667 -0.432528625602383
2.03 -0.434576216845774
2.03333333333333 -0.43662678362172
2.03666666666667 -0.438681202640829
2.04 -0.440740339768201
2.04333333333333 -0.44280504930965
2.04666666666667 -0.444876173321309
2.05 -0.446954540942301
2.05333333333333 -0.449040967750144
2.05666666666667 -0.4511362551385
2.06 -0.453241189716826
2.06333333333333 -0.455356542731478
2.06666666666667 -0.457483069507747
2.07 -0.459621508912306
2.07333333333333 -0.461772582835511
2.07666666666667 -0.463936995692982
2.08 -0.466115433945876
2.08333333333333 -0.468308565639239
2.08666666666667 -0.470517039957852
2.09 -0.472741486798929
2.09333333333333 -0.474982516361075
2.09666666666667 -0.477240718748887
2.1 -0.479516663592595
2.10333333333333 -0.481810899682149
2.10666666666667 -0.484123954615186
2.11 -0.486456334458295
2.11333333333333 -0.488808523421046
2.11666666666667 -0.491180983542275
2.12 -0.493574154388097
2.12333333333333 -0.495988452761212
2.12666666666667 -0.498424272421034
2.13 -0.500881983814255
2.13333333333333 -0.503361933815454
2.13666666666667 -0.505864445477409
2.14 -0.508389817790826
2.14333333333333 -0.510938325453188
2.14666666666667 -0.513510218646526
2.15 -0.516105722823906
2.15333333333333 -0.518725038504501
2.15666666666667 -0.521368341077138
2.16 -0.524035780612269
2.16333333333333 -0.526727481682348
2.16666666666667 -0.529443543190654
2.17 -0.53218403820863
2.17333333333333 -0.534949013821871
2.17666666666667 -0.537738490984924
2.18 -0.54055246438512
2.18333333333333 -0.543390902315701
2.18666666666667 -0.546253746558547
2.19 -0.549140912276866
2.19333333333333 -0.552052287918234
2.19666666666667 -0.55498773512843
2.2 -0.557947088676564
2.20333333333333 -0.560930156392011
2.20666666666667 -0.563936719113726
2.21 -0.566966530652561
2.21333333333333 -0.570019317767201
2.21666666666667 -0.573094780154447
2.22 -0.576192590454523
2.22333333333333 -0.579312394272181
2.22666666666667 -0.582453810214389
2.23 -0.585616429945395
2.23333333333333 -0.588799818260018
2.23666666666667 -0.59200351317602
2.24 -0.595227026046434
2.24333333333333 -0.598469841692745
2.24666666666667 -0.601731418559838
2.25 -0.605011188893624
2.25333333333333 -0.608308558942265
2.25666666666667 -0.611622909181943
2.26 -0.614953594568069
2.26333333333333 -0.618299944812886
2.26666666666667 -0.621661264690336
2.27 -0.625036834369121
2.27333333333333 -0.628425909774796
2.27666666666667 -0.631827722981784
2.28 -0.635241482636083
2.28333333333333 -0.638666374409503
2.28666666666667 -0.642101561486127
2.29 -0.645546185081741
2.29333333333333 -0.648999364996846
2.29666666666667 -0.652460200203866
2.3 -0.655927769469088
2.30333333333333 -0.65940113200977
2.30666666666667 -0.662879328186856
2.31 -0.666361380233574
2.31333333333333 -0.669846293020165
2.31666666666667 -0.673333054854902
2.32 -0.676820638321435
2.32333333333333 -0.680308001152419
2.32666666666667 -0.683794087139292
2.33 -0.687277827077938
2.33333333333333 -0.690758139749876
2.33666666666667 -0.694233932938496
2.34 -0.697704104479754
2.34333333333333 -0.701167543346598
2.34666666666667 -0.7046231307663
2.35 -0.70806974136971
2.35333333333333 -0.711506244371358
2.35666666666667 -0.71493150477918
2.36 -0.718344384632497
2.36333333333333 -0.7217437442668
2.36666666666667 -0.725128443603705
2.37 -0.72849734346435
2.37333333333333 -0.731849306904379
2.37666666666667 -0.735183200568513
2.38 -0.738497896062602
2.38333333333333 -0.74179227134095
2.38666666666667 -0.745065212106538
2.39 -0.748315613221747
2.39333333333333 -0.751542380126982
2.39666666666667 -0.754744430264599
2.4 -0.757920694505367
2.40333333333333 -0.761070118574667
2.40666666666667 -0.76419166447554
2.41 -0.767284311905626
2.41333333333333 -0.770347059664993
2.41666666666667 -0.773378927051803
2.42 -0.776378955242729
2.42333333333333 -0.779346208655014
2.42666666666667 -0.782279776287044
2.43 -0.785178773034324
2.43333333333333 -0.788042340977736
2.43666666666667 -0.790869650640986
2.44 -0.793659902214194
2.44333333333333 -0.796412326740613
2.44666666666667 -0.799126187263528
2.45 -0.801800779930459
2.45333333333333 -0.804435435051875
2.45666666666667 -0.807029518111713
2.46 -0.809582430727111
2.46333333333333 -0.812093611554892
2.46666666666667 -0.814562537142412
2.47 -0.81698872272063
2.47333333333333 -0.819371722937257
2.47666666666667 -0.82171113252815
2.48 -0.82400658692516
2.48333333333333 -0.826257762798909
2.48666666666667 -0.828464378535072
2.49 -0.830626194642989
2.49333333333333 -0.832743014095582
2.49666666666667 -0.83481468259977
2.5 -0.836841088796755
2.50333333333333 -0.83882216439177
2.50666666666667 -0.840757884213076
2.51 -0.842648266200177
2.51333333333333 -0.84449337132147
2.51666666666667 -0.846293303421694
2.52 -0.848048208999775
2.52333333333333 -0.84975827691786
2.52666666666667 -0.851423738042482
2.53 -0.853044864819044
2.53333333333333 -0.854621970780936
2.53666666666667 -0.856155409994802
2.54 -0.857645576443623
2.54333333333333 -0.859092903349451
2.54666666666667 -0.860497862437763
2.55 -0.86186096314555
2.55333333333333 -0.863182751775393
2.55666666666667 -0.864463810597864
2.56 -0.865704756904747
2.56333333333333 -0.866906242015613
2.56666666666667 -0.868068950240423
2.57 -0.86919359780086
2.57333333333333 -0.870280931713184
2.57666666666667 -0.871331728635437
2.58 -0.872346793681875
2.58333333333333 -0.873326959207521
2.58666666666667 -0.874273083565752
2.59 -0.875186049841852
2.59333333333333 -0.876066764565423
2.59666666666667 -0.876916156404572
2.6 -0.877735174844734
2.60333333333333 -0.878524788854966
2.60666666666667 -0.879285985544497
2.61 -0.880019768812291
2.61333333333333 -0.880727157992259
2.61666666666667 -0.881409186496757
2.62 -0.882066900460868
2.62333333333333 -0.882701357389946
2.62666666666667 -0.883313624812726
2.63 -0.883904778942307
2.63333333333333 -0.884475903347137
2.63666666666667 -0.885028087634064
2.64 -0.885562426145412
2.64333333333333 -0.88608001667191
2.64666666666667 -0.886581959183197
2.65 -0.887069354577556
2.65333333333333 -0.887543303452321
2.65666666666667 -0.888004904896394
2.66 -0.88845525530612
2.66333333333333 -0.888895447225678
2.66666666666667 -0.889326568213041
2.67 -0.889749699732437
2.67333333333333 -0.890165916074126
2.67666666666667 -0.890576283302219
2.68 -0.890981858231144
2.68333333333333 -0.89138368743128
2.68666666666667 -0.891782806264135
2.69 -0.892180237947444
2.69333333333333 -0.892576992650346
2.69666666666667 -0.892974066618822
2.7 -0.893372441331433
2.70333333333333 -0.893773082685324
2.70666666666667 -0.89417694021242
2.71 -0.894584946325616
2.71333333333333 -0.894998015594751
2.71666666666667 -0.895417044052063
2.72 -0.895842908526769
2.72333333333333 -0.896276466008382
2.72666666666667 -0.896718553038325
2.73 -0.897169985129317
2.73333333333333 -0.897631556212067
2.73666666666667 -0.89810403810866
2.74 -0.898588180032097
2.74333333333333 -0.899084708111354
2.74666666666667 -0.899594324941346
2.75 -0.900117709157164
2.75333333333333 -0.900655515031913
2.75666666666667 -0.901208372097517
2.76 -0.901776884787816
2.76333333333333 -0.902361632103304
2.76666666666667 -0.90296316729685
2.77 -0.903582017579757
2.77333333333333 -0.904218683847531
2.77666666666667 -0.904873640424721
2.78 -0.90554733482824
2.78333333333333 -0.906240187548587
2.78666666666667 -0.906952591848389
2.79 -0.907684913577737
2.79333333333333 -0.908437491005806
2.79666666666667 -0.909210634668275
2.8 -0.910004627230081
2.80333333333333 -0.910819723363121
2.80666666666667 -0.911656149638466
2.81 -0.912514104432792
2.81333333333333 -0.91339375784867
2.81666666666667 -0.914295251648458
2.82 -0.915218699201553
2.82333333333333 -0.916164185444807
2.82666666666667 -0.917131766855933
2.83 -0.9181214714398
2.83333333333333 -0.919133298727529
2.83666666666667 -0.920167219788343
2.84 -0.921223177254181
2.84333333333333 -0.922301085357119
2.84666666666667 -0.923400829979671
2.85 -0.924522268718097
2.85333333333333 -0.92566523095887
2.85666666666667 -0.926829517968507
2.86 -0.928014902996989
2.86333333333333 -0.929221131395044
2.86666666666667 -0.930447920745602
2.87 -0.931694961009747
2.87333333333333 -0.932961914687539
2.87666666666667 -0.934248416994113
2.88 -0.935554076051475
2.88333333333333 -0.936878473096442
2.88666666666667 -0.938221162705213
2.89 -0.939581673035066
2.89333333333333 -0.940959506083697
2.89666666666667 -0.942354137966735
2.9 -0.943765019213987
2.90333333333333 -0.945191575084968
2.90666666666667 -0.946633205904281
2.91 -0.94808928741743
2.91333333333333 -0.949559171167638
2.91666666666667 -0.951042184894229
2.92 -0.952537632953171
2.92333333333333 -0.954044796760308
2.92666666666667 -0.955562935257861
2.93 -0.957091285404706
2.93333333333333 -0.958629062690947
2.93666666666667 -0.960175461677285
2.94 -0.961729656559626
2.94333333333333 -0.963290801759375
2.94666666666667 -0.964858032539784
2.95 -0.966430465648744
2.95333333333333 -0.96800719998829
2.95666666666667 -0.969587317311112
2.96 -0.971169882944262
2.96333333333333 -0.972753946540209
2.96666666666667 -0.974338542855353
2.97 -0.975922692555998
2.97333333333333 -0.977505403051761
2.97666666666667 -0.9790856693563
2.98 -0.980662474975167
2.98333333333333 -0.982234792820535
2.98666666666667 -0.983801586152423
2.99 -0.985361809546014
2.99333333333333 -0.986914409884523
2.99666666666667 -0.988458327377012
3 -0.989992496600445
3.00333333333333 -0.991515847565191
3.00666666666667 -0.993027306803063
3.01 -0.994525798476918
3.01333333333333 -0.996010245510733
3.01666666666667 -0.997479570738936
3.02 -0.998932698073745
3.02333333333333 -1.00036855368911
3.02666666666667 -1.00178606721979
3.03 -1.00318417297394
3.03333333333333 -1.00456181115764
3.03666666666667 -1.00591792910949
3.04 -1.00725148254346
3.04333333333333 -1.00856143679813
3.04666666666667 -1.00984676809018
3.05 -1.01110646477014
3.05333333333333 -1.01233952857809
3.05666666666667 -1.01354497589735
3.06 -1.01472183900349
3.06333333333333 -1.01586916730661
3.06666666666667 -1.01698602858438
3.07 -1.01807151020335
3.07333333333333 -1.01912472032615
3.07666666666667 -1.02014478910197
3.08 -1.02113086983796
3.08333333333333 -1.02208214014877
3.08666666666667 -1.02299780308203
3.09 -1.02387708821686
3.09333333333333 -1.02471925273332
3.09666666666667 -1.02552358244995
3.1 -1.0262893928272
3.10333333333333 -1.02701602993423
3.10666666666667 -1.02770287137688
3.11 -1.02834932718426
3.11333333333333 -1.02895484065215
3.11666666666667 -1.02951888914068
3.12 -1.03004098482458
3.12333333333333 -1.0305206753939
3.12666666666667 -1.03095754470345
3.13 -1.03135121336923
3.13333333333333 -1.03170133931026
3.13666666666667 -1.03200761823443
3.14 -1.03226978406698
3.14333333333333 -1.03248760932047
3.14666666666667 -1.03266090540531
3.15 -1.0327895228798
3.15333333333333 -1.03287335163916
3.15666666666667 -1.03291232104292
3.16 -1.03290639998032
3.16333333333333 -1.0328555968734
3.16666666666667 -1.03275995961798
3.17 -1.03261957546232
3.17333333333333 -1.03243457082405
3.17666666666667 -1.03220511104561
3.18 -1.03193140008894
3.18333333333333 -1.03161368017016
3.18666666666667 -1.03125223133513
3.19 -1.03084737097707
3.19333333333333 -1.03039945329741
3.19666666666667 -1.02990886871129
3.2 -1.02937604319921
3.20333333333333 -1.02880143760652
3.20666666666667 -1.02818554689247
3.21 -1.02752889933079
3.21333333333333 -1.02683205566375
3.21666666666667 -1.02609560821182
3.22 -1.02532017994117
3.22333333333333 -1.02450642349123
3.22666666666667 -1.0236550201647
3.23 -1.02276667888246
3.23333333333333 -1.02184213510578
3.23666666666667 -1.02088214972847
3.24 -1.01988750794139
3.24333333333333 -1.01885901807203
3.24666666666667 -1.01779751040172
3.25 -1.01670383596299
3.25333333333333 -1.01557886531994
3.25666666666667 -1.01442348733386
3.26 -1.01323860791705
3.26333333333333 -1.01202514877708
3.26666666666667 -1.0107840461543
3.27 -1.00951624955478
3.27333333333333 -1.00822272048133
3.27666666666667 -1.00690443116489
3.28 -1.00556236329859
3.28333333333333 -1.00419750677669
3.28666666666667 -1.00281085844062
3.29 -1.00140342083416
3.29333333333333 -0.999976200969803
3.29666666666667 -0.998530209108107
3.3 -0.997066457551978
3.30333333333333 -0.995585959457527
3.30666666666667 -0.994089727663151
3.31 -0.992578773538358
3.31333333333333 -0.991054105853781
3.31666666666667 -0.989516729673676
3.32 -0.987967645272154
3.32333333333333 -0.986407847074263
3.32666666666667 -0.984838322622931
3.33 -0.9832600515727
3.33333333333333 -0.981674004711079
3.33666666666667 -0.980081143008224
3.34 -0.978482416695585
3.34333333333333 -0.976878764374052
3.34666666666667 -0.975271112152042
3.35 -0.973660372813894
3.35333333333333 -0.972047445018811
3.35666666666667 -0.970433212530589
3.36 -0.968818543478186
3.36333333333333 -0.967204289647212
3.36666666666667 -0.965591285802277
3.37 -0.963980349040102
3.37333333333333 -0.962372278173228
3.37666666666667 -0.960767853144087
3.38 -0.959167834469168
3.38333333333333 -0.957572962712932
3.38666666666667 -0.955983957991097
3.39 -0.954401519502879
3.39333333333333 -0.95282632509171
3.39666666666667 -0.951259030833956
3.4 -0.949700270655089
3.40333333333333 -0.948150655972762
3.40666666666667 -0.946610775366219
3.41 -0.945081194271427
3.41333333333333 -0.943562454701326
3.41666666666667 -0.942055074990564
3.42 -0.940559549564091
3.42333333333333 -0.939076348728963
3.42666666666667 -0.937605918488719
3.43 -0.936148680379682
3.43333333333333 -0.934705031328558
3.43666666666667 -0.933275343530688
3.44 -0.931859964348331
3.44333333333333 -0.930459216228383
3.44666666666667 -0.9290733966389
3.45 -0.927702778023878
3.45333333333333 -0.926347607775706
3.45666666666667 -0.925008108224742
3.46 -0.923684476645503
3.46333333333333 -0.922376885278957
3.46666666666667 -0.921085481370429
3.47 -0.9198103872227
3.47333333333333 -0.918551700263838
3.47666666666667 -0.917309493129376
3.48 -0.916083813758473
3.48333333333333 -0.914874685503696
3.48666666666667 -0.913682107254131
3.49 -0.912506053571523
3.49333333333333 -0.91134647483918
3.49666666666667 -0.910203297423451
3.5 -0.909076423847545
3.50333333333333 -0.907965732977537
3.50666666666667 -0.90687108022043
3.51 -0.905792297734149
3.51333333333333 -0.904729194649403
3.51666666666667 -0.903681557303336
3.52 -0.902649149484966
3.52333333333333 -0.901631712692389
3.52666666666667 -0.900628966401771
3.53 -0.899640608348196
3.53333333333333 -0.898666314818395
3.53666666666667 -0.897705740955489
3.54 -0.896758521075817
3.54333333333333 -0.895824268997997
3.54666666666667 -0.894902578384345
3.55 -0.893993023094817
3.55333333333333 -0.893095157553637
3.55666666666667 -0.892208517128785
3.56 -0.891332618524541
3.56333333333333 -0.890466960187264
3.56666666666667 -0.889611022724619
3.57 -0.888764269338434
3.57333333333333 -0.887926146271394
3.57666666666667 -0.887096083267777
3.58 -0.886273494048401
3.58333333333333 -0.88545777679998
3.58666666666667 -0.884648314679063
3.59 -0.883844476330712
3.59333333333333 -0.88304561642206
3.59666666666667 -0.88225107619089
3.6 -0.881460184009324
3.60333333333333 -0.880672255962724
3.60666666666667 -0.879886596443852
3.61 -0.879102498762327
3.61333333333333 -0.878319245769365
3.61666666666667 -0.877536110497795
3.62 -0.87675235681724
3.62333333333333 -0.875967240104408
3.62666666666667 -0.875180007928295
3.63 -0.874389900750138
3.63333333333333 -0.873596152637878
3.63666666666667 -0.872797991994836
3.64 -0.87199464230229
3.64333333333333 -0.871185322875554
3.64666666666667 -0.870369249633127
3.65 -0.869545635878429
3.65333333333333 -0.868713693093567
3.65666666666667 -0.867872631744546
3.66 -0.867021662097244
3.66333333333333 -0.86615999504346
3.66666666666667 -0.865286842936236
3.67 -0.864401420433633
3.67333333333333 -0.863502945350068
3.67666666666667 -0.862590639514249
3.68 -0.861663729632712
3.68333333333333 -0.860721448157896
3.68666666666667 -0.859763034159607
3.69 -0.858787734198739
3.69333333333333 -0.85779480320198
3.69666666666667 -0.856783505336253
3.7 -0.855753114881548
3.70333333333333 -0.854702917100776
3.70666666666667 -0.853632209105237
3.71 -0.852540300714231
3.71333333333333 -0.851426515307328
3.71666666666667 -0.850290190667786
3.72 -0.849130679815537
3.72333333333333 -0.847947351828198
3.72666666666667 -0.846739592648488
3.73 -0.845506805876464
3.73333333333333 -0.844248413544941
3.73666666666667 -0.842963856876489
3.74 -0.841652597020387
3.74333333333333 -0.840314115767915
3.74666666666667 -0.838947916244402
3.75 -0.837553523576437
3.75333333333333 -0.836130485532701
3.75666666666667 -0.834678373136887
3.76 -0.833196781251247
3.76333333333333 -0.831685329129288
3.76666666666667 -0.830143660936263
3.77 -0.828571446236095
3.77333333333333 -0.826968380443462
3.77666666666667 -0.825334185239847
3.78 -0.823668608952392
3.78333333333333 -0.821971426894515
3.78666666666667 -0.8202424416673
3.79 -0.818481483420768
3.79333333333333 -0.816688410074229
3.79666666666667 -0.814863107495016
3.8 -0.813005489634976
3.80333333333333 -0.811115498624229
3.80666666666667 -0.809193104821785
3.81 -0.807238306822733
3.81333333333333 -0.805251131421811
3.81666666666667 -0.803231633533289
3.82 -0.801179896067205
3.82333333333333 -0.79909602976211
3.82666666666667 -0.796980172974577
3.83 -0.794832491425861
3.83333333333333 -0.792653177906205
3.83666666666667 -0.790442451937375
3.84 -0.78820055939415
3.84333333333333 -0.785927772085579
3.84666666666667 -0.78362438729691
3.85 -0.781290727293231
3.85333333333333 -0.778927138785917
3.85666666666667 -0.776533992363117
3.86 -0.774111681885545
3.86333333333333 -0.771660623848981
3.86666666666667 -0.769181256714928
3.87 -0.766674040210957
3.87333333333333 -0.764139454602333
3.87666666666667 -0.761577999936589
3.88 -0.758990195262753
3.88333333333333 -0.756376577826995
3.88666666666667 -0.753737702246492
3.89 -0.751074139663357
3.89333333333333 -0.748386476880495
3.89666666666667 -0.745675315481276
3.9 -0.74294127093494
3.90333333333333 -0.740184971689632
3.90666666666667 -0.737407058255004
3.91 -0.734608182276283
3.91333333333333 -0.731789005601719
3.91666666666667 -0.728950199345286
3.92 -0.726092442946523
3.92333333333333 -0.723216423229332
3.92666666666667 -0.720322833461546
3.93 -0.717412372417034
3.93333333333333 -0.714485743442064
3.93666666666667 -0.711543653527592
3.94 -0.708586812389113
3.94333333333333 -0.705615931555632
3.94666666666667 -0.702631723469255
3.95 -0.699634900596867
3.95333333333333 -0.696626174555247
3.95666666666667 -0.693606255250953
3.96 -0.69057585003621
3.96333333333333 -0.68753566288196
3.96666666666667 -0.68448639356919
3.97 -0.681428736899531
3.97333333333333 -0.678363381926105
3.97666666666667 -0.675291011205451
3.98 -0.672212300071367
3.98333333333333 -0.669127915931347
3.98666666666667 -0.666038517586278
3.99 -0.662944754573966
3.99333333333333 -0.659847266536976
3.99666666666667 -0.656746682615214
4 -0.653643620863612
4.00333333333333 -0.650538687695197
4.00666666666667 -0.647432477349752
4.01 -0.644325571388244
4.01333333333333 -0.641218538213097
4.01666666666667 -0.63811193261435
4.02 -0.635006295341664
4.02333333333333 -0.631902152702128
4.02666666666667 -0.6288000161837
4.03 -0.625700382104125
4.03333333333333 -0.622603731285116
4.03666666666667 -0.619510528751495
4.04 -0.61642122345504
4.04333333333333 -0.613336248022641
4.04666666666667 -0.610256018528433
4.05 -0.607180934289483
4.05333333333333 -0.604111377684573
4.05666666666667 -0.601047713995675
4.06 -0.59799029127157
4.06333333333333 -0.594939440213165
4.06666666666667 -0.591895474079965
4.07 -0.588858688617167
4.07333333333333 -0.585829362002853
4.07666666666667 -0.582807754814703
4.08 -0.579794110015702
4.08333333333333 -0.57678865295826
4.08666666666667 -0.573791591406177
4.09 -0.570803115573918
4.09333333333333 -0.5678233981826
4.09666666666667 -0.564852594532161
4.1 -0.561890842589157
4.10333333333333 -0.558938263089617
4.10666666666667 -0.555994959656462
4.11 -0.553061018930919
4.11333333333333 -0.550136510717449
4.11666666666667 -0.547221488141665
4.12 -0.54431598782076
4.12333333333333 -0.541420030045973
4.12666666666667 -0.538533618976618
4.13 -0.535656742845249
4.13333333333333 -0.532789374173516
4.13666666666667 -0.529931469998314
4.14 -0.527082972107819
4.14333333333333 -0.524243807287035
4.14666666666667 -0.521413887572492
4.15 -0.518593110515747
4.15333333333333 -0.515781359455362
4.15666666666667 -0.512978503797058
4.16 -0.510184399301722
4.16333333333333 -0.507398888381034
4.16666666666667 -0.504621800400399
4.17 -0.501852951988987
4.17333333333333 -0.499092147356622
4.17666666666667 -0.49633917861729
4.18 -0.493593826119111
4.18333333333333 -0.490855858780519
4.18666666666667 -0.48812503443253
4.19 -0.485401100166882
4.19333333333333 -0.482683792689926
4.19666666666667 -0.479972838682092
4.2 -0.477267955162804
4.20333333333333 -0.474568849860708
4.20666666666667 -0.471875221589076
4.21 -0.46918676062628
4.21333333333333 -0.466503149101201
4.21666666666667 -0.463824061383464
4.22 -0.461149164478389
4.22333333333333 -0.458478118426529
4.22666666666667 -0.455810576707696
4.23 -0.45314618664935
4.23333333333333 -0.450484589839218
4.23666666666667 -0.447825422542045
4.24 -0.445168316120316
4.24333333333333 -0.442512897458829
4.24666666666667 -0.439858789392967
4.25 -0.437205611140508
4.25333333333333 -0.434552978736812
4.25666666666667 -0.431900505473202
4.26 -0.429247802338352
4.26333333333333 -0.426594478462471
4.26666666666667 -0.423940141564065
4.27 -0.421284398399049
4.27333333333333 -0.418626855211931
4.27666666666667 -0.415967118188836
4.28 -0.413304793912045
4.28333333333333 -0.410639489815761
4.28666666666667 -0.407970814642777
4.29 -0.405298378901675
4.29333333333333 -0.402621795324228
4.29666666666667 -0.399940679322568
4.3 -0.397254649445756
4.30333333333333 -0.394563327835284
4.30666666666667 -0.391866340679086
4.31 -0.389163318663564
4.31333333333333 -0.386453897423138
4.31666666666667 -0.383737717986821
4.32 -0.381014427221246
4.32333333333333 -0.378283678269634
4.32666666666667 -0.375545130986094
4.33 -0.37279845236467
4.33333333333333 -0.370043316962538
4.33666666666667 -0.367279407316707
4.34 -0.364506414353598
4.34333333333333 -0.361724037790836
4.34666666666667 -0.358931986530591
4.35 -0.356129979043801
4.35333333333333 -0.35331774374456
4.35666666666667 -0.350495019354027
4.36 -0.34766155525311
4.36333333333333 -0.344817111823256
4.36666666666667 -0.341961460774637
4.37 -0.339094385461025
4.37333333333333 -0.336215681180687
4.37666666666667 -0.333325155462578
4.38 -0.330422628337181
4.38333333333333 -0.327507932591327
4.38666666666667 -0.324580914006316
4.39 -0.321641431578753
4.39333333333333 -0.318689357723429
4.39666666666667 -0.315724578457713
4.4 -0.312746993566845
4.40333333333333 -0.309756516749619
4.40666666666667 -0.306753075743943
4.41 -0.303736612431801
4.41333333333333 -0.300707082923192
4.41666666666667 -0.297664457618636
4.42 -0.294608721249904
4.42333333333333 -0.291539872898657
4.42666666666667 -0.288457925992715
4.43 -0.285362908279768
4.43333333333333 -0.282254861778328
4.43666666666667 -0.279133842705823
4.44 -0.275999921383773
4.44333333333333 -0.272853182120015
4.44666666666667 -0.269693723068061
4.45 -0.266521656063646
4.45333333333333 -0.263337106438667
4.45666666666667 -0.260140212812698
4.46 -0.256931126862376
4.46333333333333 -0.253710013068979
4.46666666666667 -0.250477048444592
4.47 -0.247232422237308
4.47333333333333 -0.243976335615955
4.47666666666667 -0.240709001334929
4.48 -0.237430643379727
4.48333333333333 -0.234141496593847
4.48666666666667 -0.23084180628779
4.49 -0.227531827830891
4.49333333333333 -0.224211826226831
4.49666666666667 -0.220882075673653
4.5 -0.217542859109202
4.50333333333333 -0.214194467742901
4.50666666666667 -0.210837200574859
4.51 -0.207471363903296
4.51333333333333 -0.204097270821328
4.51666666666667 -0.200715240704167
4.52 -0.197325598687817
4.52333333333333 -0.193928675140376
4.52666666666667 -0.190524805127047
4.53 -0.187114327869992
4.53333333333333 -0.183697586204169
4.53666666666667 -0.180274926030279
4.54 -0.176846695765984
4.54333333333333 -0.1734132457965
4.54666666666667 -0.169974927925733
4.55 -0.166532094829047
4.55333333333333 -0.16308509950878
4.55666666666667 -0.1596342947536
4.56 -0.156180032602755
4.56333333333333 -0.152722663816277
4.56666666666667 -0.149262537352132
4.57 -0.145799999851324
4.57333333333333 -0.142335395131896
4.57666666666667 -0.13886906369274
4.58 -0.135401342228112
4.58333333333333 -0.131932563153674
4.58666666666667 -0.128463054144887
4.59 -0.124993137688481
4.59333333333333 -0.121523130647745
4.59666666666667 -0.118053343842286
4.6 -0.114584081642873
4.60333333333333 -0.111115641581962
4.60666666666667 -0.107648313980387
4.61 -0.104182381590736
4.61333333333333 -0.100718119257807
4.61666666666667 -0.0972557935965284
4.62 -0.0937956626876904
4.62333333333333 -0.0903379757917381
4.62666666666667 -0.0868829730808884
4.63 -0.0834308853897442
4.63333333333333 -0.0799819339845402
4.63666666666667 -0.0765363303511366
4.64 -0.073094276001788
4.64333333333333 -0.069655962300725
4.64666666666667 -0.0662215703084903
4.65 -0.0627912706449824
4.65333333333333 -0.0593652233710922
4.65666666666667 -0.0559435778887771
4.66 -0.0525264728594231
4.66333333333333 -0.0491140361402542
4.66666666666667 -0.0457063847385804
4.67 -0.0423036247835902
4.67333333333333 -0.0389058515154145
4.67666666666667 -0.0355131492911379
4.68 -0.0321255916074063
4.68333333333333 -0.0287432411392954
4.68666666666667 -0.0253661497950329
4.69 -0.0219943587862044
4.69333333333333 -0.0186278987130236
4.69666666666667 -0.0152667896642375
4.7 -0.0119110413312567
4.70333333333333 -0.00856065313604156
4.70666666666667 -0.00521561437232634
4.71 -0.00187590435969814
4.71333333333333 0.00145850738990319
4.71666666666667 0.00478766099373402
4.72 0.00811160600831428
4.72333333333333 0.0114304012284522
4.72666666666667 0.0147441144757122
4.73 0.0180528223767607
4.73333333333333 0.0213566101320519
4.73666666666667 0.0246555712753095
4.74 0.0279498074242267
4.74333333333333 0.0312394280228458
4.74666666666667 0.0345245500760257
4.75 0.0378052978764261
4.75333333333333 0.0410818027244322
4.75666666666667 0.044354202641401
4.76 0.0476226420766518
4.76333333333333 0.0508872716085643
4.76666666666667 0.0541482476401711
4.77 0.0574057320896185
4.77333333333333 0.0606598920758329
4.77666666666667 0.0639108995997648
4.78 0.0671589312215239
4.78333333333333 0.0704041677337581
4.78666666666667 0.0736467938315752
4.79 0.0768869977793272
4.79333333333333 0.0801249710745664
4.79666666666667 0.0833609081094466
4.8 0.0865950058298811
4.80333333333333 0.0898274633927147
4.80666666666667 0.0930584818211917
4.81 0.0962882636589923
4.81333333333333 0.0995170126230787
4.81666666666667 0.102744933255632
4.82 0.105972230575306
4.82333333333333 0.109199109728067
4.82666666666667 0.112425775637849
4.83 0.115652432657277
4.83333333333333 0.118879284218694
4.83666666666667 0.122106532485742
4.84 0.125334378005715
4.84333333333333 0.128563019362959
4.84666666666667 0.131792652833532
4.85 0.135023472041387
4.85333333333333 0.138255667616313
4.85666666666667 0.141489426853905
4.86 0.144724933377795
4.86333333333333 0.147962366804418
4.86666666666667 0.15120190241059
4.87 0.154443710804139
4.87333333333333 0.157687957597904
4.87666666666667 0.160934803087362
4.88 0.164184401932187
4.88333333333333 0.167436902842048
4.88666666666667 0.170692448266947
4.89 0.173951174092416
4.89333333333333 0.177213209339914
4.89666666666667 0.180478675872743
4.9 0.183747688107845
4.90333333333333 0.18702035273383
4.90666666666667 0.190296768435602
4.91 0.193577025625948
4.91333333333333 0.196861206184501
4.91666666666667 0.200149383204439
4.92 0.203441620747337
4.92333333333333 0.206737973606595
4.92666666666667 0.210038487079829
4.93 0.213343196750686
4.93333333333333 0.216652128280486
4.93666666666667 0.219965297210148
4.94 0.223282708772841
4.94333333333333 0.226604357717794
4.94666666666667 0.229930228145742
4.95 0.233260293356434
4.95333333333333 0.23659451570867
4.95666666666667 0.23993284649333
4.96 0.243275225819831
4.96333333333333 0.246621582516466
4.96666666666667 0.249971834045077
4.97 0.253325886430491
4.97333333333333 0.256683634205163
4.97666666666667 0.260044960369417
4.98 0.263409736367748
4.98333333333333 0.266777822081508
4.98666666666667 0.270149065838439
4.99 0.273523304439346
4.99333333333333 0.276900363202292
4.99666666666667 0.280280056024642
5 0.283662185463226
5.00333333333333 0.287046542832936
5.00666666666667 0.290432908323963
5.01 0.293821051137929
5.01333333333333 0.297210729643078
5.01666666666667 0.300601691548682
5.02 0.303993674098794
5.02333333333333 0.307386404285414
5.02666666666667 0.310779599081102
5.03 0.314172965691074
5.03333333333333 0.317566201824693
5.03666666666667 0.320958995986308
5.04 0.324351027785275
5.04333333333333 0.327741968265015
5.04666666666667 0.331131480250858
5.05 0.334519218716402
5.05333333333333 0.33790483116807
5.05666666666667 0.341287958047479
5.06 0.344668233151197
5.06333333333333 0.348045284067411
5.06666666666667 0.351418732628968
5.07 0.35478819538222
5.07333333333333 0.35815328407102
5.07666666666667 0.361513606135213
5.08 0.364868765222859
5.08333333333333 0.368218361715421
5.08666666666667 0.3715619932651
5.09 0.374899255343407
5.09333333333333 0.378229741800091
5.09666666666667 0.381553045431432
5.1 0.384868758556909
5.10333333333333 0.388176473603207
5.10666666666667 0.391475783694464
5.11 0.394766283247688
5.11333333333333 0.398047568572163
5.11666666666667 0.401319238471722
5.12 0.404580894848666
5.12333333333333 0.407832143308145
5.12666666666667 0.411072593761768
5.13 0.414301861029219
5.13333333333333 0.417519565436622
5.13666666666667 0.420725333410429
5.14 0.423918798065563
5.14333333333333 0.427099599786603
5.14666666666667 0.430267386800746
5.15 0.433421815741353
5.15333333333333 0.436562552200857
5.15666666666667 0.439689271271856
5.16 0.442801658075239
5.16333333333333 0.445899408274194
5.16666666666667 0.44898222857303
5.17 0.452049837199723
5.17333333333333 0.455101964371174
5.17666666666667 0.458138352740214
5.18 0.461158757823396
5.18333333333333 0.464162948408718
5.18666666666667 0.467150706942421
5.19 0.470121829894109
5.19333333333333 0.47307612809945
5.19666666666667 0.476013427079815
5.2 0.478933567338244
5.20333333333333 0.481836404631213
5.20666666666667 0.484721810215717
5.21 0.487589671071273
5.21333333333333 0.490439890096495
5.21666666666667 0.493272386279964
5.22 0.496087094845187
5.22333333333333 0.498883967369501
5.22666666666667 0.501662971876841
5.23 0.504424092904354
5.23333333333333 0.507167331542934
5.23666666666667 0.509892705451752
5.24 0.512600248846999
5.24333333333333 0.515290012465039
5.24666666666667 0.517962063500298
5.25 0.52061648551821
5.25333333333333 0.523253378343635
5.25666666666667 0.525872857925212
5.26 0.528475056176116
5.26333333333333 0.531060120791805
5.26666666666667 0.533628215045318
5.27 0.536179517560754
5.27333333333333 0.538714222065628
5.27666666666667 0.54123253712275
5.28 0.543734685842411
5.28333333333333 0.546220905575591
5.28666666666667 0.548691447588985
5.29 0.551146576722654
5.29333333333333 0.553586571031095
5.29666666666667 0.556011721408587
5.3 0.55842233119963
5.30333333333333 0.560818715795353
5.30666666666667 0.563201202216713
5.31 0.56557012868537
5.31333333333333 0.567925844183071
5.31666666666667 0.570268708000412
5.32 0.572599089275798
5.32333333333333 0.574917366525469
5.32666666666667 0.577223927165375
5.33 0.579519167025754
5.33333333333333 0.581803489859171
5.33666666666667 0.584077306842822
5.34 0.586341036075846
5.34333333333333 0.588595102072382
5.34666666666667 0.590839935251107
5.35 0.593075971421919
5.35333333333333 0.595303651270458
5.35666666666667 0.597523419841082
5.36 0.599735726018949
5.36333333333333 0.60194102201176
5.36666666666667 0.604139762831742
5.37 0.606332405778416
5.37333333333333 0.608519409922625
5.37666666666667 0.61070123559235
5.38 0.612878343860713
5.38333333333333 0.615051196036628
5.38666666666667 0.617220253158493
5.39 0.619385975491271
5.39333333333333 0.621548822027335
5.39666666666667 0.623709249991376
5.4 0.625867714349676
5.40333333333333 0.628024667324011
5.40666666666667 0.630180557910446
5.41 0.632335831403236
5.41333333333333 0.634490928924034
5.41666666666667 0.636646286956616
5.42 0.638802336887257
5.42333333333333 0.640959504550943
5.42666666666667 0.643118209783524
5.43 0.645278865979947
5.43333333333333 0.647441879658679
5.43666666666667 0.649607650032385
5.44 0.651776568584996
5.44333333333333 0.653949018655195
5.44666666666667 0.656125375026415
5.45 0.658306003523413
5.45333333333333 0.660491260615467
5.45666666666667 0.662681493026251
5.46 0.664877037350453
5.46333333333333 0.667078219677176
5.46666666666667 0.66928535522018
5.47 0.671498747955021
5.47333333333333 0.673718690263146
5.47666666666667 0.675945462583003
5.48 0.678179333068247
5.48333333333333 0.680420557253104
5.48666666666667 0.682669377724994
5.49 0.684926023804499
5.49333333333333 0.687190711232778
5.49666666666667 0.689463641866562
5.5 0.691745003380837
5.50333333333333 0.694034968979383
5.50666666666667 0.696333697113299
5.51 0.69864133120771
5.51333333333333 0.700957999396832
5.51666666666667 0.703283814267602
5.52 0.705618872612088
5.52333333333333 0.707963255188925
5.52666666666667 0.71031702649404
5.53 0.712680234540912
5.53333333333333 0.715052910650685
5.53666666666667 0.717435069252437
5.54 0.719826707693919
5.54333333333333 0.722227806063139
5.54666666666667 0.724638327021113
5.55 0.727058215646205
5.55333333333333 0.72948739929043
5.55666666666667 0.731925787448135
5.56 0.734373271637504
5.56333333333333 0.736829725295316
5.56666666666667 0.739295003685426
5.57 0.74176894382144
5.57333333333333 0.74425136440406
5.57666666666667 0.746742065773623
5.58 0.749240829878303
5.58333333333333 0.751747420258528
5.58666666666667 0.754261582048097
5.59 0.756783041992563
5.59333333333333 0.759311508485379
5.59666666666667 0.76184667162235
5.6 0.76438820327493
5.60333333333333 0.766935757182881
5.60666666666667 0.769488969066817
5.61 0.772047456761159
5.61333333333333 0.774610820367988
5.61666666666667 0.777178642432307
5.62 0.779750488139183
5.62333333333333 0.782325905533221
5.62666666666667 0.784904425760829
5.63 0.787485563335665
5.63333333333333 0.790068816427678
5.63666666666667 0.792653667176092
5.64 0.795239582026664
5.64333333333333 0.797826012093505
5.64666666666667 0.80041239354573
5.65 0.802998148019139
5.65333333333333 0.8055826830531
5.65666666666667 0.808165392552764
5.66 0.810745657276675
5.66333333333333 0.813322845349799
5.66666666666667 0.815896312801933
5.67 0.818465404131401
5.67333333333333 0.821029452893881
5.67666666666667 0.82358778231614
5.68 0.826139705934399
5.68333333333333 0.828684528256972
5.68666666666667 0.831221545450753
5.69 0.833750046051072
5.69333333333333 0.836269311694331
5.69666666666667 0.838778617872817
5.7 0.841277234710931
5.70333333333333 0.84376442776209
5.70666666666667 0.846239458825403
5.71 0.848701586781201
5.71333333333333 0.851150068444393
5.71666666666667 0.853584159434555
5.72 0.856003115061604
5.72333333333333 0.85840619122579
5.72666666666667 0.860792645330726
5.73 0.863161737208055
5.73333333333333 0.86551273005231
5.73666666666667 0.86784489136448
5.74 0.870157493902675
5.74333333333333 0.872449816638289
5.74666666666667 0.87472114571597
5.75 0.876970775415647
5.75333333333333 0.879198009114876
5.75666666666667 0.881402160249632
5.76 0.883582553271754
5.76333333333333 0.885738524601094
5.76666666666667 0.887869423570519
5.77 0.889974613361797
5.77333333333333 0.892053471930455
5.77666666666667 0.894105392917644
5.78 0.896129786547066
5.78333333333333 0.898126080505044
5.78666666666667 0.900093720801786
5.79 0.902032172611943
5.79333333333333 0.903940921092595
5.79666666666667 0.905819472176806
5.8 0.907667353340947
5.80333333333333 0.909484114344041
5.80666666666667 0.911269327937414
5.81 0.913022590543011
5.81333333333333 0.914743522898814
5.81666666666667 0.91643177066984
5.82 0.918087005023308
5.82333333333333 0.919708923166624
5.82666666666667 0.921297248846937
5.83 0.922851732811101
5.83333333333333 0.924372153224999
5.83666666666667 0.925858316051231
5.84 0.927310055384367
5.84333333333333 0.928727233742962
5.84666666666667 0.930109742317756
5.85 0.93145750117549
5.85333333333333 0.932770459417965
5.85666666666667 0.934048595296046
5.86 0.935291916278434
5.86333333333333 0.936500459075167
5.86666666666667 0.937674289615893
5.87 0.938813502983115
5.87333333333333 0.939918223300682
5.87666666666667 0.94098860357796
5.88 0.942024825510156
5.88333333333333 0.943027099235475
5.88666666666667 0.94399566304979
5.89 0.944930783079685
5.89333333333333 0.945832752914798
5.89666666666667 0.946701893200451
5.9 0.947538551191727
5.90333333333333 0.948343100270135
5.90666666666667 0.949115939424157
5.91 0.949857492695011
5.91333333333333 0.950568208589031
5.91666666666667 0.951248559458134
5.92 0.951899040849885
5.92333333333333 0.952520170828734
5.92666666666667 0.953112489270038
5.93 0.953676557128489
5.93333333333333 0.954212955682649
5.93666666666667 0.954722285757262
5.94 0.955205166925066
5.94333333333333 0.955662236689828
5.94666666666667 0.956094149652316
5.95 0.956501576660939
5.95333333333333 0.956885203948763
5.95666666666667 0.957245732258624
5.96 0.957583875957993
5.96333333333333 0.957900362145276
5.96666666666667 0.958195929749176
5.97 0.958471328622715
5.97333333333333 0.958727318633473
5.97666666666667 0.958964668751583
5.98 0.959184156136937
5.98333333333333 0.959386565227058
5.98666666666667 0.959572686826988
5.99 0.959743317202548
5.99333333333333 0.959899257178215
5.99666666666667 0.960041311240842
6 0.960170286650366
6.00333333333333 0.960286992558603
6.00666666666667 0.960392239137153
6.01 0.960486836715382
6.01333333333333 0.960571594929387
6.01666666666667 0.960647321882792
6.02 0.960714823320129
6.02333333333333 0.960774901813547
6.02666666666667 0.960828355963475
6.03 0.960875979613854
6.03333333333333 0.960918561082443
6.03666666666667 0.960956882406684
6.04 0.960991718605543
6.04333333333333 0.961023836957676
6.04666666666667 0.961053996296216
6.05 0.961082946320456
6.05333333333333 0.961111426924604
6.05666666666667 0.961140167543779
6.06 0.96116988651734
6.06333333333333 0.961201290469645
6.06666666666667 0.961235073708216
6.07 0.961271917639342
6.07333333333333 0.961312490201043
6.07666666666667 0.961357445313331
6.08 0.961407422345639
6.08333333333333 0.961463045601296
6.08666666666667 0.961524923818884
6.09 0.961593649690275
6.09333333333333 0.961669799395174
6.09666666666667 0.96175393215192
6.1 0.961846589784336
6.10333333333333 0.961948296304364
6.10666666666667 0.962059557510255
6.11 0.962180860600033
6.11333333333333 0.962312673799992
6.11666666666667 0.962455446007948
6.12 0.962609606451003
6.12333333333333 0.962775564357548
6.12666666666667 0.962953708643259
6.13 0.963144407610856
6.13333333333333 0.963348008663364
6.13666666666667 0.963564838030695
6.14 0.963795200509299
6.14333333333333 0.964039379214731
6.14666666666667 0.964297635346936
6.15 0.964570207968103
6.15333333333333 0.96485731379296
6.15666666666667 0.965159146991377
6.16 0.965475879003203
6.16333333333333 0.965807658365269
6.16666666666667 0.966154610550486
6.17 0.966516837819067
6.17333333333333 0.966894419081832
6.17666666666667 0.967287409775666
6.18 0.967695841751185
6.18333333333333 0.968119723172683
6.18666666666667 0.968559038430502
6.19 0.969013748065965
6.19333333333333 0.969483788709037
6.19666666666667 0.969969073028925
6.2 0.970469489697861
6.20333333333333 0.970984903368306
6.20666666666667 0.971515154663867
6.21 0.972060060184259
6.21333333333333 0.972619412524623
6.21666666666667 0.973192980309583
6.22 0.973780508242422
6.22333333333333 0.974381717169792
6.22666666666667 0.974996304162387
6.23 0.975623942612024
6.23333333333333 0.976264282345625
6.23666666666667 0.976916949756556
6.24 0.977581547953854
6.24333333333333 0.97825765692983
6.24666666666667 0.978944833746602
6.25 0.979642612742064
6.25333333333333 0.98035050575585
6.25666666666667 0.98106800237583
6.26 0.981794570205676
6.26333333333333 0.982529655154052
6.26666666666667 0.983272681745956
6.27 0.98402305345674
6.27333333333333 0.984780153069337
6.27666666666667 0.98554334305519
6.28 0.986311965979365
6.28333333333333 0.987085344930328
6.28666666666667 0.987862783974795
6.29 0.9886435686381
6.29333333333333 0.989426966410445
6.29666666666667 0.990212227279355
6.3 0.990998584288684
6.30333333333333 0.991785254124391
6.30666666666667 0.992571437727324
6.31 0.993356320933162
6.31333333333333 0.994139075139634
6.31666666666667 0.994918858001055
6.32 0.99569481415017
6.32333333333333 0.996466075947233
6.32666666666667 0.997231764256177
6.33 0.997990989247646
6.33333333333333 0.99874285122862
6.33666666666667 0.999486441498237
6.34 1.00022084322939
6.34333333333333 1.00094513237556
6.34666666666667 1.00165837860221
6.35 1.00235964624219
6.35333333333333 1.00304799527414
6.35666666666667 1.00372248232323
6.36 1.00438216168312
6.36333333333333 1.00502608635807
6.36666666666667 1.00565330912421
6.37 1.00626288360844
6.37333333333333 1.00685386538398
6.37666666666667 1.00742531308075
6.38 1.00797628950936
6.38333333333333 1.008505862797
6.38666666666667 1.0090131075335
6.39 1.00949710592584
6.39333333333333 1.0099569489592
6.39666666666667 1.01039173756278
6.4 1.01080058377812
6.40333333333333 1.01118261192812
6.40666666666667 1.01153695978452
6.41 1.01186277973156
6.41333333333333 1.01215923992382
6.41666666666667 1.01242552543577
6.42 1.01266083940071
6.42333333333333 1.012864404137
6.42666666666667 1.01303546225884
6.43 1.01317327776955
6.43333333333333 1.01327713713477
6.43666666666667 1.01334635033329
6.44 1.01338025188302
6.44333333333333 1.01337820183996
6.44666666666667 1.01333958676749
6.45 1.01326382067409
6.45333333333333 1.01315034591694
6.45666666666667 1.01299863406926
6.46 1.01280818674942
6.46333333333333 1.01257853640953
6.46666666666667 1.01230924708168
6.47 1.01199991507985
6.47333333333333 1.01165016965578
6.47666666666667 1.01125967360697
6.48 1.01082812383532
6.48333333333333 1.01035525185498
6.48666666666667 1.00984082424789
6.49 1.00928464306601
6.49333333333333 1.00868654617896
6.49666666666667 1.00804640756628
6.5 1.00736413755347
6.50333333333333 1.00663968299102
6.50666666666667 1.00587302737625
6.51 1.00506419091725
6.51333333333333 1.00421323053895
6.51666666666667 1.00332023983131
6.52 1.00238534893954
6.52333333333333 1.00140872439685
6.52666666666667 1.00039056890004
6.53 0.999331121028554
6.53333333333333 0.998230654907701
6.53666666666667 0.997089479816922
6.54 0.995907939744171
6.54333333333333 0.994686412887512
6.54666666666667 0.993425311105253
6.55 0.992125079316033
6.55333333333333 0.990786194850384
6.55666666666667 0.989409166755459
6.56 0.987994535054645
6.56333333333333 0.986542869963959
6.56666666666667 0.985054771067161
6.57 0.983530866451625
6.57333333333333 0.981971811807095
6.57666666666667 0.980378289489481
6.58 0.978751007551964
6.58333333333333 0.977090698745685
6.58666666666667 0.975398119492331
6.59 0.973674048831015
6.59333333333333 0.971919287341799
6.59666666666667 0.970134656048284
6.6 0.968320995301647
6.60333333333333 0.966479163648544
6.60666666666667 0.964610036685257
6.61 0.96271450590046
6.61333333333333 0.960793477508939
6.61666666666667 0.958847871278579
6.62 0.956878619352884
6.62333333333333 0.954886665071251
6.62666666666667 0.952872961789146
6.63 0.950838471700313
6.63333333333333 0.948784164663026
6.63666666666667 0.946711017032371
6.64 0.944620010500441
6.64333333333333 0.942512130946258
6.64666666666667 0.940388367297162
6.65 0.938249710403297
6.65333333333333 0.936097151926769
6.65666666666667 0.933931683246925
6.66 0.931754294383151
6.66333333333333 0.929565972936444
6.66666666666667 0.927367703050975
6.67 0.925160464396712
6.67333333333333 0.922945231174123
6.67666666666667 0.920722971141859
6.68 0.91849464466822
6.68333333333333 0.916261203807154
6.68666666666667 0.91402359139939
6.69 0.911782740199271
6.69333333333333 0.909539572027747
6.69666666666667 0.907294996951881
6.7 0.905049912491193
6.70333333333333 0.902805202851028
6.70666666666667 0.900561738183124
6.71 0.898320373873409
6.71333333333333 0.896081949857067
6.71666666666667 0.893847289960788
6.72 0.891617201272075
6.72333333333333 0.889392473535457
6.72666666666667 0.88717387857532
6.73 0.884962169745133
6.73333333333333 0.882758081402693
6.73666666666667 0.880562328411029
6.74 0.878375605664576
6.74333333333333 0.876198587640137
6.74666666666667 0.874031927972194
6.75 0.871876259052053
6.75333333333333 0.869732191650292
6.75666666666667 0.867600314561985
6.76 0.865481194274137
6.76333333333333 0.863375374654757
6.76666666666667 0.861283376663009
6.77 0.859205698079829
6.77333333333333 0.857142813258453
6.77666666666667 0.85509517289426
6.78 0.85306320381334
6.78333333333333 0.851047308779243
6.78666666666667 0.849047866317318
6.79 0.847065230556108
6.79333333333333 0.845099731085265
6.79666666666667 0.843151672829462
6.8 0.841221335937805
6.80333333333333 0.839308975688268
6.80666666666667 0.837414822406701
6.81 0.835539081399969
6.81333333333333 0.833681932902841
6.81666666666667 0.831843532038217
6.82 0.830024008790398
6.82333333333333 0.828223467991038
6.82666666666667 0.826441989317512
6.83 0.824679627303465
6.83333333333333 0.82293641136129
6.83666666666667 0.821212345816379
6.84 0.819507409952986
6.84333333333333 0.817821558071584
6.84666666666667 0.816154719557647
6.85 0.814506798961792
6.85333333333333 0.812877676091303
6.85666666666667 0.81126720611302
6.86 0.809675219667689
6.86333333333333 0.80810152299585
6.86666666666667 0.806545898075381
6.87 0.805008102770886
6.87333333333333 0.803487870995079
6.87666666666667 0.801984912882426
6.88 0.80049891497527
6.88333333333333 0.799029540422728
6.88666666666667 0.797576429192682
6.89 0.796139198297164
6.89333333333333 0.794717442031539
6.89666666666667 0.793310732227824
6.9 0.791918618522573
6.90333333333333 0.790540628639727
6.90666666666667 0.78917626868888
6.91 0.787825023479407
6.91333333333333 0.786486356850897
6.91666666666667 0.78515971202039
6.92 0.783844511946868
6.92333333333333 0.782540159713492
6.92666666666667 0.781246038928058
6.93 0.779961514142157
6.93333333333333 0.778685931289493
6.93666666666667 0.777418618143837
6.94 0.77615888479706
6.94333333333333 0.774906024157667
6.94666666666667 0.773659312470266
6.95 0.772418009856339
6.95333333333333 0.771181360876695
6.95666666666667 0.769948595115925
6.96 0.768718927789173
6.96333333333333 0.76749156037145
6.96666666666667 0.766265681249757
6.97 0.765040466398135
6.97333333333333 0.763815080075811
6.97666666666667 0.762588675548466
6.98 0.761360395832679
6.98333333333333 0.760129374463454
6.98666666666667 0.758894736284752
6.99 0.75765559826282
6.99333333333333 0.756411070322084
6.99666666666667 0.755160256203262
7 0.753902254343305
7.00333333333333 0.752636158776672
7.00666666666667 0.751361060057387
7.01 0.75007604620121
7.01333333333333 0.748780203647187
7.01666666666667 0.74747261823778
7.02 0.74615237621661
7.02333333333333 0.744818565242865
7.02666666666667 0.743470275421231
7.03 0.742106600346179
7.03333333333333 0.740726638159331
7.03666666666667 0.73932949261852
7.04 0.737914274177098
7.04333333333333 0.736480101071943
7.04666666666667 0.735026100418519
7.05 0.733551409311295
7.05333333333333 0.732055175927701
7.05666666666667 0.730536560633769
7.06 0.728994737089497
7.06333333333333 0.727428893351922
7.06666666666667 0.725838232973838
7.07 0.724221976095994
7.07333333333333 0.722579360530616
7.07666666666667 0.720909642833983
7.08 0.719212099365819
7.08333333333333 0.717486027333159
7.08666666666667 0.715730745816391
7.09 0.713945596775099
7.09333333333333 0.712129946031387
7.09666666666667 0.710283184228289
7.1 0.708404727760967
7.10333333333333 0.706494019678326
7.10666666666667 0.704550530552797
7.11 0.702573759315987
7.11333333333333 0.700563234058009
7.11666666666667 0.698518512788327
7.12 0.696439184156024
7.12333333333333 0.694324868127485
7.12666666666667 0.692175216619548
7.13 0.689989914086303
7.13333333333333 0.687768678057783
7.13666666666667 0.685511259628932
7.14 0.68321744389734
7.14333333333333 0.680887050348344
7.14666666666667 0.678519933186268
7.15 0.676115981610669
7.15333333333333 0.673675120036624
7.15666666666667 0.671197308258251
7.16 0.668682541554782
7.16333333333333 0.666130850738697
7.16666666666667 0.663542302145569
7.17 0.660916997565441
7.17333333333333 0.658255074115732
7.17666666666667 0.655556704055798
7.18 0.652822094543516
7.18333333333333 0.650051487334326
7.18666666666667 0.647245158423424
7.19 0.644403417631899
7.19333333333333 0.641526608137798
7.19666666666667 0.63861510595325
7.2 0.63566931934892
7.20333333333333 0.63268968822724
7.20666666666667 0.629676683445964
7.21 0.626630806093767
7.21333333333333 0.623552586719707
7.21666666666667 0.62044258451849
7.22 0.617301386473611
7.22333333333333 0.614129606460519
7.22666666666667 0.610927884312054
7.23 0.607696884848514
7.23333333333333 0.604437296874713
7.23666666666667 0.601149832146563
7.24 0.597835224309653
7.24333333333333 0.594494227812422
7.24666666666667 0.591127616796526
7.25 0.587736183967011
7.25333333333333 0.584320739444947
7.25666666666667 0.580882109605142
7.26 0.577421135901611
7.26333333333333 0.573938673683354
7.26666666666667 0.570435591003108
7.27 0.566912767421572
7.27333333333333 0.563371092809646
7.27666666666667 0.559811466151159
7.28 0.55623479434845
7.28333333333333 0.552641991033183
7.28666666666667 0.549033975384638
7.29 0.545411670957667
7.29333333333333 0.541776004522418
7.29666666666667 0.538127904917837
7.3 0.534468301920869
7.30333333333333 0.530798125133167
7.30666666666667 0.527118302887032
7.31 0.523429761172204
7.31333333333333 0.519733422584982
7.31666666666667 0.516030205301101
7.32 0.512321022073632
7.32333333333333 0.508606779257088
7.32666666666667 0.504888375858803
7.33 0.501166702618529
7.33333333333333 0.497442641117117
7.33666666666667 0.493717062914992
7.34 0.48999082872109
7.34333333333333 0.486264787592745
7.34666666666667 0.482539776166978
7.35 0.478816617923513
7.35333333333333 0.475096122479736
7.35666666666667 0.47137908491775
7.36 0.467666285143566
7.36333333333333 0.463958487278404
7.36666666666667 0.460256439081982
7.37 0.456560871407589
7.37333333333333 0.452872497688707
7.37666666666667 0.449192013456808
7.38 0.445520095889963
7.38333333333333 0.441857403391796
7.38666666666667 0.438204575200252
7.39 0.434562231025659
7.39333333333333 0.430930970717444
7.39666666666667 0.427311373958875
7.4 0.423703999989141
7.40333333333333 0.420109387352059
7.40666666666667 0.41652805367067
7.41 0.41296049544695
7.41333333333333 0.409407187885869
7.41666666666667 0.405868584742989
7.42 0.402345118194798
7.42333333333333 0.398837198730966
7.42666666666667 0.395345215067693
7.43 0.39186953408136
7.43333333333333 0.388410500761623
7.43666666666667 0.384968438183183
7.44 0.381543647495407
7.44333333333333 0.378136407929022
7.44666666666667 0.374746976819109
7.45 0.37137558964363
7.45333333333333 0.368022460076783
7.45666666666667 0.364687780056421
7.46 0.361371719864896
7.46333333333333 0.35807442822263
7.46666666666667 0.354796032393779
7.47 0.351536638303399
7.47333333333333 0.348296330665504
7.47666666666667 0.3450751731215
7.48 0.341873208388448
7.48333333333333 0.338690458416692
7.48666666666667 0.335526924556402
7.49 0.332382587732597
7.49333333333333 0.329257408628294
7.49666666666667 0.326151327875411
7.5 0.323064266253135
7.50333333333333 0.319996124893466
7.50666666666667 0.316946785493698
7.51 0.313916110535647
7.51333333333333 0.310903943511432
7.51666666666667 0.307910109155698
7.52 0.304934413684158
7.52333333333333 0.301976645038415
7.52666666666667 0.299036573136991
7.53 0.296113950132603
7.53333333333333 0.293208510675683
7.53666666666667 0.29031997218421
7.54 0.287448035119958
7.54333333333333 0.284592383271247
7.54666666666667 0.281752684042369
7.55 0.278928588749838
7.55333333333333 0.276119732925662
7.55666666666667 0.273325736627859
7.56 0.270546204758434
7.56333333333333 0.267780727389095
7.56666666666667 0.265028880094956
7.57 0.262290224296531
7.57333333333333 0.259564307610309
7.57666666666667 0.25685066420822
7.58 0.25414881518632
7.58333333333333 0.251458268943008
7.58666666666667 0.248778521567121
7.59 0.246109057236221
7.59333333333333 0.243449348625416
7.59666666666667 0.240798857327047
7.6 0.238157034281545
7.60333333333333 0.235523320219794
7.60666666666667 0.232897146117274
7.61 0.230277933660295
7.61333333333333 0.227665095724583
7.61666666666667 0.225058036866451
7.62 0.222456153826813
7.62333333333333 0.2198588360482
7.62666666666667 0.217265466204983
7.63 0.214675420746924
7.63333333333333 0.212088070456142
7.63666666666667 0.209502781017594
7.64 0.20691891360305
7.64333333333333 0.204335825468573
7.64666666666667 0.20175287056541
7.65 0.199169400164187
7.65333333333333 0.196584763492228
7.65666666666667 0.19399830838377
7.66 0.19140938194279
7.66333333333333 0.188817331218087
7.66666666666667 0.186221503890231
7.67 0.183621248969876
7.67333333333333 0.18101591750692
7.67666666666667 0.178404863309899
7.68 0.175787443674933
7.68333333333333 0.173163020123488
7.68666666666667 0.170530959148128
7.69 0.16789063296538
7.69333333333333 0.165241420274753
7.69666666666667 0.162582707022876
7.7 0.15991388717167
7.70333333333333 0.157234363469371
7.70666666666667 0.154543548223201
7.71 0.15184086407235
7.71333333333333 0.149125744759941
7.71666666666667 0.146397635902541
7.72 0.143655995755737
7.72333333333333 0.140900295974261
7.72666666666667 0.138130022365061
7.73 0.135344675631712
7.73333333333333 0.132543772108484
7.73666666666667 0.129726844482374
7.74 0.126893442501368
7.74333333333333 0.12404313366718
7.74666666666667 0.121175503910687
7.75 0.1182901582483
7.75333333333333 0.115386721417449
7.75666666666667 0.112464838489445
7.76 0.109524175457909
7.76333333333333 0.106564419801037
7.76666666666667 0.103585281015987
7.77 0.100586491123662
7.77333333333333 0.0975678051422942
7.77666666666667 0.094529001528189
7.78 0.0914698825821274
7.78333333333333 0.0883902748199381
7.78666666666667 0.0852900293058604
7.79 0.0821690219473848
7.79333333333333 0.0790271537503432
7.79666666666667 0.0758643510331459
7.8 0.0726805655991265
7.80333333333333 0.0694757748661082
7.80666666666667 0.0662499819523923
7.81 0.0630032157184953
7.81333333333333 0.0597355307641154
7.81666666666667 0.0564470073798936
7.82 0.0531377514537193
7.82333333333333 0.049807894331436
7.82666666666667 0.0464575926319467
7.83 0.0430870280168883
7.83333333333333 0.0396964069151416
7.83666666666667 0.0362859602026365
7.84 0.0328559428380233
7.84333333333333 0.0294066334549209
7.84666666666667 0.0259383339116303
7.85 0.0224513687992804
7.85333333333333 0.0189460849095712
7.85666666666667 0.0154228506633475
7.86 0.0118820555014125
7.86333333333333 0.00832410923907935
7.86666666666667 0.00474944138606929
7.87 0.00115850043350549
7.87333333333333 -0.0024482468902025
7.87666666666667 -0.00607031639264539
7.88 -0.0097072072178839
7.88333333333333 -0.0133584026720407
7.88666666666667 -0.0170233710718538
7.89 -0.0207015666140288
7.89333333333333 -0.0243924302631276
7.89666666666667 -0.0280953906557283
7.9 -0.0318098650185646
7.90333333333333 -0.0355352600983001
7.90666666666667 -0.0392709731006421
7.91 -0.0430163926364384
7.91333333333333 -0.0467708996724726
7.91666666666667 -0.050533868484642
7.92 -0.0543046676112627
7.92333333333333 -0.0580826608042863
7.92666666666667 -0.0618672079762245
7.93 -0.0656576661406843
7.93333333333333 -0.0694533903444261
7.93666666666667 -0.0732537345889578
7.94 -0.0770580527397539
7.94333333333333 -0.0808656994212337
7.94666666666667 -0.0846760308957737
7.95 -0.0884884059250641
7.95333333333333 -0.0923021866122502
7.95666666666667 -0.0961167392233963
7.96 -0.0999314349868765
7.96333333333333 -0.103745650869455
7.96666666666667 -0.107558770327871
7.97 -0.111370184034873
7.97333333333333 -0.115179290578786
7.97666666666667 -0.118985497135713
7.98 -0.122788220113695
7.98333333333333 -0.126586885768155
7.98666666666667 -0.130380930788136
7.99 -0.134169802852881
7.99333333333333 -0.137952961158447
7.99666666666667 -0.14172987691414
8 -0.145500033808614
8.00333333333333 -0.149262928445618
8.00666666666667 -0.153018070749428
8.01 -0.156764984340108
8.01333333333333 -0.160503206878784
8.01666666666667 -0.164232290383264
8.02 -0.167951801514319
8.02333333333333 -0.171661321833078
8.02666666666667 -0.175360448030003
8.03 -0.179048792126006
8.03333333333333 -0.182725981646302
8.03666666666667 -0.18639165976761
8.04 -0.190045485439446
8.04333333333333 -0.193687133480173
8.04666666666667 -0.197316294648614
8.05 -0.200932675691975
8.05333333333333 -0.204535999370917
8.05666666666667 -0.208126004462614
8.06 -0.211702445742599
8.06333333333333 -0.215265093946318
8.06666666666667 -0.218813735711232
8.07 -0.222348173500321
8.07333333333333 -0.225868225507901
8.07666666666667 -0.229373725548603
8.08 -0.232864522930397
8.08333333333333 -0.236340482312481
8.08666666666667 -0.239801483548941
8.09 -0.24324742151897
8.09333333333333 -0.246678205944466
8.09666666666667 -0.250093761195844
8.1 -0.253494026086792
8.10333333333333 -0.256878953658777
8.10666666666667 -0.260248510955985
8.11 -0.263602678791452
8.11333333333333 -0.266941451505034
8.11666666666667 -0.270264836713887
8.12 -0.273572855056079
8.12333333333333 -0.276865539927941
8.12666666666667 -0.280142937215721
8.13 -0.28340510502206
8.13333333333333 -0.286652113387845
8.13666666666667 -0.289884044009881
8.14 -0.293100989954825
8.14333333333333 -0.296303055369839
8.14666666666667 -0.299490355190308
8.15 -0.302663014845013
8.15333333333333 -0.305821169959052
8.15666666666667 -0.308964966054845
8.16 -0.312094558251478
8.16333333333333 -0.315210110962608
8.16666666666667 -0.318311797593188
8.17 -0.321399800235157
8.17333333333333 -0.324474309362298
8.17666666666667 -0.327535523524357
8.18 -0.330583649040592
8.18333333333333 -0.3336188996928
8.18666666666667 -0.336641496417912
8.19 -0.339651667000208
8.19333333333333 -0.342649645763186
8.19666666666667 -0.345635673261073
8.2 -0.348609995970013
8.20333333333333 -0.351572865978884
8.20666666666667 -0.354524540679726
8.21 -0.357465282457715
8.21333333333333 -0.360395358380654
8.21666666666667 -0.363315039887892
8.22 -0.366224602478591
8.22333333333333 -0.369124325399279
8.22666666666667 -0.372014491330581
8.23 -0.374895386073045
8.23333333333333 -0.377767298231953
8.23666666666667 -0.380630518901043
8.24 -0.383485341345024
8.24333333333333 -0.386332060680799
8.24666666666667 -0.389170973557304
8.25 -0.392002377833882
8.25333333333333 -0.394826572257107
8.25666666666667 -0.397643856135989
8.26 -0.4004545290155
8.26333333333333 -0.403258890348392
8.26666666666667 -0.406057239165233
8.27 -0.408849873742688
8.27333333333333 -0.411637091270009
8.27666666666667 -0.414419187513774
8.28 -0.417196456480885
8.28333333333333 -0.419969190079915
8.28666666666667 -0.422737677780872
8.29 -0.425502206273459
8.29333333333333 -0.428263059124015
8.29666666666667 -0.431020516431255
8.3 -0.433774854481005
8.30333333333333 -0.436526345400161
8.30666666666667 -0.439275256810112
8.31 -0.442021851479914
8.31333333333333 -0.444766386979502
8.31666666666667 -0.447509115333335
8.32 -0.450250282674817
8.32333333333333 -0.452990128901909
8.32666666666667 -0.455728887334412
8.33 -0.458466784373376
8.33333333333333 -0.461204039163189
8.33666666666667 -0.463940863256852
8.34 -0.466677460285087
8.34333333333333 -0.469414025629876
8.34666666666667 -0.472150746103072
8.35 -0.474887799630806
8.35333333333333 -0.477625354944392
8.35666666666667 -0.480363571278483
8.36 -0.483102598077241
8.36333333333333 -0.485842574709351
8.36666666666667 -0.488583630192686
8.37 -0.491325882929458
8.37333333333333 -0.49406944045274
8.37666666666667 -0.496814399185226
8.38 -0.499560844211097
8.38333333333333 -0.50230884906192
8.38666666666667 -0.505058475517451
8.39 -0.507809773422242
8.39333333333333 -0.510562780518954
8.39666666666667 -0.513317522299232
8.4 -0.516074011873047
8.40333333333333 -0.518832249857286
8.40666666666667 -0.521592224284486
8.41 -0.524353910532444
8.41333333333333 -0.527117271275476
8.41666666666667 -0.529882256458055
8.42 -0.532648803291475
8.42333333333333 -0.535416836274173
8.42666666666667 -0.538186267236257
8.43 -0.540956995408753
8.43333333333333 -0.543728907518013
8.43666666666667 -0.54650187790561
8.44 -0.549275768674055
8.44333333333333 -0.552050429858522
8.44666666666667 -0.55482569962469
8.45 -0.557601404492778
8.45333333333333 -0.560377359587691
8.45666666666667 -0.563153368915136
8.46 -0.565929225663482
8.46333333333333 -0.568704712531011
8.46666666666667 -0.571479602078143
8.47 -0.574253657104065
8.47333333333333 -0.577026631047186
8.47666666666667 -0.579798268408639
8.48 -0.582568305198015
8.48333333333333 -0.585336469400429
8.48666666666667 -0.588102481463863
8.49 -0.590866054805717
8.49333333333333 -0.593626896337338
8.49666666666667 -0.596384707005288
8.5 -0.599139182347977
8.50333333333333 -0.601890013066237
8.50666666666667 -0.604636885606357
8.51 -0.607379482754028
8.51333333333333 -0.61011748423758
8.51666666666667 -0.612850567338878
8.52 -0.615578407510196
8.52333333333333 -0.618300678995319
8.52666666666667 -0.621017055453176
8.53 -0.623727210582217
8.53333333333333 -0.626430818743802
8.53666666666667 -0.629127555582812
8.54 -0.631817098643773
8.54333333333333 -0.63449912798075
8.54666666666667 -0.637173326759307
8.55 -0.639839381848886
8.55333333333333 -0.642496984403983
8.55666666666667 -0.645145830432549
8.56 -0.647785621350113
8.56333333333333 -0.65041606451818
8.56666666666667 -0.653036873765548
8.57 -0.655647769891213
8.57333333333333 -0.658248481147699
8.57666666666667 -0.660838743703646
8.58 -0.66341830208464
8.58333333333333 -0.665986909591347
8.58666666666667 -0.668544328694104
8.59 -0.671090331403218
8.59333333333333 -0.673624699614344
8.59666666666667 -0.676147225428389
8.6 -0.678657711445517
8.60333333333333 -0.681155971032903
8.60666666666667 -0.683641828566015
8.61 -0.686115119643285
8.61333333333333 -0.688575691274117
8.61666666666667 -0.691023402040318
8.62 -0.693458122231063
8.62333333333333 -0.695879733951675
8.62666666666667 -0.698288131206486
8.63 -0.700683219956239
8.63333333333333 -0.703064918150471
8.63666666666667 -0.70543315573543
8.64 -0.707787874638151
8.64333333333333 -0.710129028727371
8.64666666666667 -0.712456583751974
8.65 -0.714770517257804
8.65333333333333 -0.717070818483629
8.65666666666667 -0.719357488237117
8.66 -0.721630538751751
8.66333333333333 -0.723889993525572
8.66666666666667 -0.726135887142725
8.67 -0.728368265078734
8.67333333333333 -0.730587183490515
8.67666666666667 -0.732792708992095
8.68 -0.734984918417003
8.68333333333333 -0.737163898568336
8.68666666666667 -0.739329745957459
8.69 -0.741482566532317
8.69333333333333 -0.743622475396266
8.69666666666667 -0.745749596518408
8.7 -0.747864062436297
8.70333333333333 -0.749966013951899
8.70666666666667 -0.752055599821685
8.71 -0.754132976441661
8.71333333333333 -0.756198307528141
8.71666666666667 -0.758251763795003
8.72 -0.760293522628176
8.72333333333333 -0.762323767758037
8.72666666666667 -0.764342688930354
8.73 -0.7663504815764
8.73333333333333 -0.768347346482812
8.73666666666667 -0.770333489461705
8.74 -0.772309121021565
8.74333333333333 -0.774274456039338
8.74666666666667 -0.776229713434162
8.75 -0.77817511584307
8.75333333333333 -0.780110889299052
8.75666666666667 -0.782037262911728
8.76 -0.783954468550901
8.76333333333333 -0.785862740533228
8.76666666666667 -0.787762315312173
8.77 -0.789653431171405
8.77333333333333 -0.791536327921759
8.77666666666667 -0.793411246601839
8.78 -0.795278429182332
8.78333333333333 -0.797138118274045
8.78666666666667 -0.798990556839667
8.79 -0.80083598790924
8.79333333333333 -0.802674654299276
8.79666666666667 -0.804506798335439
8.8 -0.806332661578704
8.80333333333333 -0.808152484554883
8.80666666666667 -0.809966506487354
8.81 -0.811774965032873
8.81333333333333 -0.813578096020271
8.81666666666667 -0.815376133191881
8.82 -0.817169307947471
8.82333333333333 -0.818957849090501
8.82666666666667 -0.820741982576483
8.83 -0.822521931263206
8.83333333333333 -0.824297914662627
8.83666666666667 -0.826070148694171
8.84 -0.827838845439212
8.84333333333333 -0.829604212896503
8.84666666666667 -0.831366454738311
8.85 -0.833125770067034
8.85333333333333 -0.834882353172053
8.85666666666667 -0.836636393286603
8.86 -0.838388074344451
8.86333333333333 -0.840137574736148
8.86666666666667 -0.841885067064679
8.87 -0.843630717900301
8.87333333333333 -0.84537468753441
8.87666666666667 -0.847117129732256
8.88 -0.848858191484383
8.88333333333333 -0.850598012756653
8.88666666666667 -0.852336726238742
8.89 -0.854074457091049
8.89333333333333 -0.855811322689925
8.89666666666667 -0.857547432371216
8.9 -0.859282887172083
8.90333333333333 -0.861017779571148
8.90666666666667 -0.862752193226998
8.91 -0.864486202715142
8.91333333333333 -0.86621987326354
8.91666666666667 -0.867953260486856
8.92 -0.869686410119644
8.92333333333333 -0.871419357748684
8.92666666666667 -0.873152128544767
8.93 -0.874884736994248
8.93333333333333 -0.876617186630722
8.93666666666667 -0.878349469767268
8.94 -0.880081567229715
8.94333333333333 -0.88181344809145
8.94666666666667 -0.883545069410348
8.95 -0.885276375968446
8.95333333333333 -0.887007300015068
8.95666666666667 -0.888737761014102
8.96 -0.890467665396272
8.96333333333333 -0.892196906317252
8.96666666666667 -0.893925363422515
8.97 -0.895652902619948
8.97333333333333 -0.897379375861222
8.97666666666667 -0.899104620933054
8.98 -0.9008284612595
8.98333333333333 -0.902550705716497
8.98666666666667 -0.904271148459941
8.99 -0.905989568768612
8.99333333333333 -0.907705730903341
8.99666666666667 -0.90941938398384
9 -0.911130261884677
9.00333333333333 -0.912838083151911
9.00666666666667 -0.914542550941947
9.01 -0.916243352984198
9.01333333333333 -0.917940161569163
9.01666666666667 -0.919632633563569
9.02 -0.921320410454214
9.02333333333333 -0.923003118422162
9.02666666666667 -0.924680368448947
9.03 -0.926351756456413
9.03333333333333 -0.928016863481808
9.03666666666667 -0.929675255889696
9.04 -0.931326485622242
9.04333333333333 -0.932970090489312
9.04666666666667 -0.934605594499832
9.05 -0.936232508235678
9.05333333333333 -0.937850329269364
9.05666666666667 -0.939458542626616
9.06 -0.941056621294819
9.06333333333333 -0.942644026778196
9.06666666666667 -0.944220209700397
9.07 -0.945784610455019
9.07333333333333 -0.947336659904415
9.07666666666667 -0.948875780126905
9.08 -0.950401385212329
9.08333333333333 -0.951912882105641
9.08666666666667 -0.953409671498009
9.09 -0.954891148764634
9.09333333333333 -0.95635670494823
9.09666666666667 -0.957805727786865
9.1 -0.959237602784556
9.10333333333333 -0.960651714322746
9.10666666666667 -0.962047446810488
9.11 -0.963424185870893
9.11333333333333 -0.964781319561084
9.11666666666667 -0.966118239622615
9.12 -0.967434342759049
9.12333333333333 -0.968729031937081
9.12666666666667 -0.970001717707349
9.13 -0.971251819540794
9.13333333333333 -0.972478767176223
9.13666666666667 -0.97368200197447
9.14 -0.974860978274366
9.14333333333333 -0.976015164745534
9.14666666666667 -0.977144045732892
9.15 -0.978247122587585
9.15333333333333 -0.979323914978987
9.15666666666667 -0.980373962182355
9.16 -0.981396824336652
9.16333333333333 -0.982392083667087
9.16666666666667 -0.983359345666944
9.17 -0.984298240233333
9.17333333333333 -0.985208422751642
9.17666666666667 -0.986089575123561
9.18 -0.986941406733812
9.18333333333333 -0.987763655350861
9.18666666666667 -0.98855608795721
9.19 -0.989318501505129
9.19333333333333 -0.990050723594017
9.19666666666667 -0.990752613065954
9.2 -0.99142406051637
9.20333333333333 -0.992064988717196
9.20666666666667 -0.99267535295025
9.21 -0.993255141249127
9.21333333333333 -0.993804374548257
9.21666666666667 -0.994323106738344
9.22 -0.994811424627822
9.22333333333333 -0.995269447810506
9.22666666666667 -0.995697328440064
9.23 -0.996095250912454
9.23333333333333 -0.99646343145791
9.23666666666667 -0.996802117644558
9.24 -0.99711158779617
9.24333333333333 -0.99739215032698
9.24666666666667 -0.99764414299692
9.25 -0.997867932090975
9.25333333333333 -0.998063911526718
9.25666666666667 -0.998232501894411
9.26 -0.998374149434311
9.26333333333333 -0.998489324956095
9.26666666666667 -0.998578522705493
9.27 -0.998642259183432
9.27333333333333 -0.998681071923074
9.27666666666667 -0.998695518230273
9.28 -0.998686173892997
9.28333333333333 -0.998653631865297
9.28666666666667 -0.998598500931383
9.29 -0.998521404355317
9.29333333333333 -0.998422978521736
9.29666666666667 -0.998303871572907
9.3 -0.998164742047276
9.30333333333333 -0.998006257524487
9.30666666666667 -0.997829093281645
9.31 -0.997633930965392
9.31333333333333 -0.997421457284104
9.31666666666667 -0.997192362724271
9.32 -0.996947340294857
9.32333333333333 -0.996687084303133
9.32666666666667 -0.996412289165197
9.33 -0.996123648254112
9.33333333333333 -0.995821852788258
9.33666666666667 -0.995507590762221
9.34 -0.995181545922237
9.34333333333333 -0.994844396787899
9.34666666666667 -0.994496815721554
9.35 -0.994139468046532
9.35333333333333 -0.993773011215074
9.35666666666667 -0.993398094026557
9.36 -0.993015355896359
9.36333333333333 -0.992625426175482
9.36666666666667 -0.992228923520791
9.37 -0.99182645531556
9.37333333333333 -0.991418617139768
9.37666666666667 -0.991005992289437
9.38 -0.990589151344141
9.38333333333333 -0.990168651781619
9.38666666666667 -0.989745037638342
9.39 -0.989318839214729
9.39333333333333 -0.988890572823601
9.39666666666667 -0.988460740580386
9.4 -0.988029830233491
9.40333333333333 -0.987598315033201
9.40666666666667 -0.987166653637416
9.41 -0.986735290052476
9.41333333333333 -0.986304653607341
9.41666666666667 -0.985875158959306
9.42 -0.985447206129494
9.42333333333333 -0.985021180566322
9.42666666666667 -0.984597453235176
9.43 -0.984176380732518
9.43333333333333 -0.983758305422707
9.43666666666667 -0.983343555595827
9.44 -0.98293244564485
9.44333333333333 -0.982525276260519
9.44666666666667 -0.982122334642362
9.45 -0.981723894724329
9.45333333333333 -0.98133021741355
9.45666666666667 -0.980941550840828
9.46 -0.980558130621475
9.46333333333333 -0.98018018012521
9.46666666666667 -0.979807910753869
9.47 -0.979441522225745
9.47333333333333 -0.979081202865446
9.47666666666667 -0.978727129898201
9.48 -0.97837946974763
9.48333333333333 -0.978038378336024
9.48666666666667 -0.977704001386267
9.49 -0.977376474724582
9.49333333333333 -0.977055924583319
9.49666666666667 -0.9767424679031
9.5 -0.976436212633639
9.50333333333333 -0.976137258032655
9.50666666666667 -0.975845694962313
9.51 -0.975561606182678
9.51333333333333 -0.975285066641741
9.51666666666667 -0.975016143761586
9.52 -0.974754897720316
9.52333333333333 -0.974501381729431
9.52666666666667 -0.974255642306323
9.53 -0.974017719541659
9.53333333333333 -0.973787647361397
9.53666666666667 -0.973565453783263
9.54 -0.973351161167503
9.54333333333333 -0.973144786461778
9.54666666666667 -0.972946341440096
9.55 -0.972755832935678
9.55333333333333 -0.972573263067706
9.55666666666667 -0.972398629461901
9.56 -0.97223192546491
9.56333333333333 -0.972073140352482
9.56666666666667 -0.971922259531462
9.57 -0.971779264735608
9.57333333333333 -0.97164413421528
9.57666666666667 -0.971516842921039
9.58 -0.971397362681236
9.58333333333333 -0.971285662373636
9.58666666666667 -0.971181708091181
9.59 -0.971085463301965
9.59333333333333 -0.970996889003519
9.59666666666667 -0.970915943871515
9.6 -0.970842584402986
9.60333333333333 -0.970776765054171
9.60666666666667 -0.970718438373119
9.61 -0.970667555127145
9.61333333333333 -0.970624064425281
9.61666666666667 -0.970587913835827
9.62 -0.970559049499145
9.62333333333333 -0.970537416235806
9.62666666666667 -0.970522957650227
9.63 -0.970515616229919
9.63333333333333 -0.970515333440478
9.63666666666667 -0.970522049816437
9.64 -0.970535705048114
9.64333333333333 -0.97055623806458
9.64666666666667 -0.970583587112858
9.65 -0.970617689833488
9.65333333333333 -0.97065848333258
9.65666666666667 -0.970705904250459
9.66 -0.970759888827027
