-0.01 1.00068299861561
0 1
0.01 0.999239496863088
0.02 0.998401489204875
0.03 0.997485977025361
0.04 0.996492960324546
0.05 0.99542243910243
0.06 0.994274413359012
0.07 0.993048883094293
0.08 0.991745848308274
0.09 0.990365309000953
0.1 0.988907265172331
0.11 0.987371716822407
0.12 0.985758663951183
0.13 0.984068106558657
0.14 0.982300044644831
0.15 0.980454478209703
0.16 0.978531407253274
0.17 0.976530831775544
0.18 0.974452751776512
0.19 0.97229716725618
0.2 0.970064078214546
0.21 0.967753484651611
0.22 0.965365386567376
0.23 0.962899783961839
0.24 0.960356676835
0.25 0.957736065186861
0.26 0.95503794901742
0.27 0.952262328326679
0.28 0.949409203114636
0.29 0.946478573381292
0.3 0.943470439126647
0.31 0.940384800350701
0.32 0.937221657053454
0.33 0.933981009234905
0.34 0.930662856895055
0.35 0.927267200033905
0.36 0.923794038651453
0.37 0.9202433727477
0.38 0.916615202322645
0.39 0.91290952737629
0.4 0.909126347908633
0.41 0.905265663919676
0.42 0.901327475409417
0.43 0.897311782377857
0.44 0.893218584824996
0.45 0.889047882750833
0.46 0.88479967615537
0.47 0.880473965038605
0.48 0.87607074940054
0.49 0.871590029241173
0.5 0.867031804560505
0.51 0.862396075358535
0.52 0.857682841635265
0.53 0.852892103390694
0.54 0.848023860624821
0.55 0.843078113337647
0.56 0.838054861529172
0.57 0.832954105199396
0.58 0.827775844348319
0.59 0.822520078975941
0.6 0.817186809082261
0.61 0.811776034667281
0.62 0.806287755730999
0.63 0.800721972273416
0.64 0.795078684294532
0.65 0.789357891794346
0.66 0.78355959477286
0.67 0.777683793230073
0.68 0.771730487165984
0.69 0.765699676580594
0.7 0.759591361473903
0.71 0.753405541845911
0.72 0.747142217696618
0.73 0.740801389026023
0.74 0.734383055834128
0.75 0.727887218120931
0.76 0.721313875886433
0.77 0.714663029130634
0.78 0.707934677853534
0.79 0.701128822055132
0.8 0.69424546173543
0.81 0.687284596894426
0.82 0.680246227532122
0.83 0.673130353648516
0.84 0.665936975243609
0.85 0.658666092317401
0.86 0.651317704869891
0.87 0.643891812901081
0.88 0.636388416410969
0.89 0.628807515399556
0.9 0.621149109866842
0.91 0.613413199812827
0.92 0.605599785237511
0.93 0.597708866140894
0.94 0.589740442522975
0.95 0.581694514383755
0.96 0.573571081723235
0.97 0.565370144541413
0.98 0.557091702838289
0.99 0.548763585990338
1 0.54030230586814
1.01 0.531819179977586
1.02 0.523314208318677
1.03 0.514787390891412
1.04 0.506238727695791
1.05 0.497668218731816
1.06 0.489075863999484
1.07 0.480461663498797
1.08 0.471825617229755
1.09 0.463167725192357
1.1 0.454487987386603
1.11 0.445786403812494
1.12 0.437062974470029
1.13 0.428317699359209
1.14 0.419550578480033
1.15 0.410761611832502
1.16 0.401950799416615
1.17 0.393118141232373
1.18 0.384263637279775
1.19 0.375387287558822
1.2 0.366489092069513
1.21 0.357569050811848
1.22 0.348627163785828
1.23 0.339663430991453
1.24 0.330677852428721
1.25 0.321670428097635
1.26 0.312641157998193
1.27 0.303590042130395
1.28 0.294517080494242
1.29 0.285422273089733
1.3 0.276305619916869
1.31 0.267167120975649
1.32 0.258006776266073
1.33 0.248824585788142
1.34 0.239620549541856
1.35 0.230394667527214
1.36 0.221146939744216
1.37 0.211877366192863
1.38 0.202585946873155
1.39 0.19327268178509
1.4 0.183937570928671
1.41 0.174580614303896
1.42 0.165201811910765
1.43 0.155801163749278
1.44 0.146378669819437
1.45 0.136934330121239
1.46 0.127468144654686
1.47 0.117980113419778
1.48 0.108470236416514
1.49 0.0989385136448945
1.5 0.0893849451049194
1.51 0.0798095307965888
1.52 0.0702122707199027
1.53 0.060593164874861
1.54 0.0509522132614638
1.55 0.041289415879711
1.56 0.0316047727296027
1.57 0.021898283811139
1.58 0.0121699491243197
1.59 0.0024197686691448
1.6 -0.00735225755438559
1.61 -0.0171461295462716
1.62 -0.0269618473065131
1.63 -0.0367994108351101
1.64 -0.0466588201320626
1.65 -0.0565400751973708
1.66 -0.0664431760310344
1.67 -0.0763681226330536
1.68 -0.0863149150034284
1.69 -0.0962835531421585
1.7 -0.106274037049244
1.71 -0.116286366724686
1.72 -0.126320542168482
1.73 -0.136376563380635
1.74 -0.146454430361143
1.75 -0.156554143110006
1.76 -0.166675701627225
1.77 -0.1768191059128
1.78 -0.18698435596673
1.79 -0.197171451789016
1.8 -0.207380393379657
1.81 -0.217611180738653
1.82 -0.227863813866006
1.83 -0.238138292761713
1.84 -0.248434617425777
1.85 -0.258752787858195
1.86 -0.26909280405897
1.87 -0.2794546660281
1.88 -0.289838373765585
1.89 -0.300243927271426
1.9 -0.310671326545623
1.91 -0.321120571588175
1.92 -0.331591662399082
1.93 -0.342084598978346
1.94 -0.352599381325964
1.95 -0.363136009441938
1.96 -0.373694483326268
1.97 -0.384274802978953
1.98 -0.394876968399994
1.99 -0.405440873472799
2 -0.416146836547142
2.01 -0.426754433156658
2.02 -0.437263663301346
2.03 -0.447674526981206
2.04 -0.457987024196238
2.05 -0.468201154946442
2.06 -0.478316919231818
2.07 -0.488334317052366
2.08 -0.498253348408086
2.09 -0.508074013298978
2.1 -0.517796311725042
2.11 -0.527420243686279
2.12 -0.536945809182687
2.13 -0.546373008214268
2.14 -0.55570184078102
2.15 -0.564932306882945
2.16 -0.574064406520042
2.17 -0.58309813969231
2.18 -0.592033506399751
2.19 -0.600870506642364
2.2 -0.609609140420149
2.21 -0.618249407733106
2.22 -0.626791308581235
2.23 -0.635234842964536
2.24 -0.643580010883009
2.25 -0.651826812336655
2.26 -0.659975247325472
2.27 -0.668025315849462
2.28 -0.675977017908623
2.29 -0.683830353502957
2.3 -0.691585322632462
2.31 -0.69924192529714
2.32 -0.70680016149699
2.33 -0.714260031232012
2.34 -0.721621534502206
2.35 -0.728884671307572
2.36 -0.736049441648109
2.37 -0.74311584552382
2.38 -0.750083882934702
2.39 -0.756953553880756
2.4 -0.763724858361982
2.41 -0.770397796378381
2.42 -0.776972367929951
2.43 -0.783448573016694
2.44 -0.789826411638608
2.45 -0.796105883795695
2.46 -0.802286989487954
2.47 -0.808369728715385
2.48 -0.814354101477988
2.49 -0.820240107775762
2.5 -0.826027747608709
2.51 -0.831717020976828
2.52 -0.83730792788012
2.53 -0.842800468318583
2.54 -0.848194642292218
2.55 -0.853490449801025
2.56 -0.858687890845005
2.57 -0.863786965424156
2.58 -0.86878767353848
2.59 -0.873690015187975
2.6 -0.878493990372643
2.61 -0.883199599092483
2.62 -0.887806841347495
2.63 -0.892315717137678
2.64 -0.896726226463034
2.65 -0.901038369323562
2.66 -0.905252145719263
2.67 -0.909367555650135
2.68 -0.913384599116179
2.69 -0.917303276117395
2.7 -0.921123586653784
2.71 -0.924845530725344
2.72 -0.928469108332076
2.73 -0.931994319473981
2.74 -0.935421164151058
2.75 -0.938749642363306
2.76 -0.941979754110727
2.77 -0.94511149939332
2.78 -0.948144878211085
2.79 -0.951079890564022
2.8 -0.953916536452131
2.81 -0.956654815875412
2.82 -0.959294728833865
2.83 -0.96183627532749
2.84 -0.964279455356288
2.85 -0.966624268920257
2.86 -0.968870716019398
2.87 -0.971018796653712
2.88 -0.973068510823197
2.89 -0.975019858527855
2.9 -0.976872839767685
2.91 -0.978627454542686
2.92 -0.98028370285286
2.93 -0.981841584698206
2.94 -0.983301100078724
2.95 -0.984662248994414
2.96 -0.985925031445276
2.97 -0.987089447431311
2.98 -0.988155496952517
2.99 -0.989130527020144
3 -0.989992496600445
3.01 -0.990770793738417
3.02 -0.991465418434058
3.03 -0.992076370687369
3.04 -0.99260365049835
3.05 -0.993047257867001
3.06 -0.993407192793322
3.07 -0.993683455277313
3.08 -0.993876045318974
3.09 -0.993984962918304
3.1 -0.994010208075305
3.11 -0.993951780789975
3.12 -0.993809681062316
3.13 -0.993583908892326
3.14 -0.993274464280006
3.15 -0.992881347225356
3.16 -0.992404557728376
3.17 -0.991844095789066
3.18 -0.991199961407425
3.19 -0.990472154583455
3.2 -0.989660675317155
3.21 -0.988765523608524
3.22 -0.987786699457563
3.23 -0.986724202864273
3.24 -0.985578033828652
3.25 -0.984348192350701
3.26 -0.98303467843042
3.27 -0.981637492067809
3.28 -0.980156633262868
3.29 -0.978592102015596
3.3 -0.976943898325995
3.31 -0.975212022194064
3.32 -0.973396473619802
3.33 -0.97149725260321
3.34 -0.969514359144289
3.35 -0.967447793243037
3.36 -0.965297554899455
3.37 -0.963063644113543
3.38 -0.960746060885301
3.39 -0.958344805214728
3.4 -0.955859877101826
3.41 -0.953291276546594
3.42 -0.950639003549031
3.43 -0.947903058109138
3.44 -0.945083440226916
3.45 -0.942180149902363
3.46 -0.93919318713548
3.47 -0.936122551926267
3.48 -0.932968244274724
3.49 -0.929730264180851
3.5 -0.926408611644647
3.51 -0.923003286666114
3.52 -0.919514289245251
3.53 -0.915941619382057
3.54 -0.912285277076533
3.55 -0.908545262328679
3.56 -0.904721575138496
3.57 -0.900814215505982
3.58 -0.896823183431138
3.59 -0.892748478913964
3.6 -0.888590101954459
3.61 -0.884348052552625
3.62 -0.88002233070846
3.63 -0.875612936421966
3.64 -0.871119869693141
3.65 -0.866543130521987
3.66 -0.861882718908502
3.67 -0.857138634852687
3.68 -0.852310878354542
3.69 -0.847399449414067
3.7 -0.842404348031262
3.71 -0.837325574206126
3.72 -0.832163127938661
3.73 -0.826917009228866
3.74 -0.82158721807674
3.75 -0.816173754482284
3.76 -0.810676618445498
3.77 -0.805095809966383
3.78 -0.799431329044937
3.79 -0.793683175681161
3.8 -0.787851349875055
3.81 -0.781935851626618
3.82 -0.775936680935852
3.83 -0.769853837802756
3.84 -0.763687322227329
3.85 -0.757437134209572
3.86 -0.751103273749486
3.87 -0.744685740847069
3.88 -0.738184535502322
3.89 -0.731599657715245
3.9 -0.724931107485838
3.91 -0.718178884814101
3.92 -0.711342989700034
3.93 -0.704423422143636
3.94 -0.697420182144909
3.95 -0.690333269703851
3.96 -0.683162684820464
3.97 -0.675908427494746
3.98 -0.668570497726698
3.99 -0.661172472265591
4 -0.653643620863612
4.01 -0.646078250517845
4.02 -0.63847636122829
4.03 -0.630837952994947
4.04 -0.623163025817816
4.05 -0.615451579696898
4.06 -0.607703614632191
4.07 -0.599919130623697
4.08 -0.592098127671414
4.09 -0.584240605775344
4.1 -0.576346564935486
4.11 -0.56841600515184
4.12 -0.560448926424406
4.13 -0.552445328753184
4.14 -0.544405212138174
4.15 -0.536328576579376
4.16 -0.528215422076791
4.17 -0.520065748630417
4.18 -0.511879556240256
4.19 -0.503656844906306
4.2 -0.495397614628569
4.21 -0.487101865407044
4.22 -0.478769597241731
4.23 -0.47040081013263
4.24 -0.461995504079741
4.25 -0.453553679083064
4.26 -0.4450753351426
4.27 -0.436560472258347
4.28 -0.428009090430306
4.29 -0.419421189658478
4.3 -0.410796769942862
4.31 -0.402135831283458
4.32 -0.393438373680265
4.33 -0.384704397133285
4.34 -0.375933901642517
4.35 -0.367126887207962
4.36 -0.358283353829618
4.37 -0.349403301507486
4.38 -0.340486730241567
4.39 -0.331533640031859
4.4 -0.322544030878364
4.41 -0.313517902781081
4.42 -0.304455255740009
4.43 -0.29535608975515
4.44 -0.286220404826503
4.45 -0.277048200954068
4.46 -0.267839478137846
4.47 -0.258594236377835
4.48 -0.249312475674036
4.49 -0.23999419602645
4.5 -0.230639397435075
4.51 -0.221248079899913
4.52 -0.211820243420963
4.53 -0.202355887998225
4.54 -0.192855013631698
4.55 -0.183317620321385
4.56 -0.173743708067283
4.57 -0.164133276869393
4.58 -0.154486326727715
4.59 -0.14480285764225
4.6 -0.135082869612996
4.61 -0.125326362639955
4.62 -0.115533336723126
4.63 -0.105703791862508
4.64 -0.0958377280581032
4.65 -0.0859351453099102
4.66 -0.0759960436179292
4.67 -0.0660204229821603
4.68 -0.0560082834026036
4.69 -0.045959624879259
4.7 -0.0358744474121265
4.71 -0.0257527510012061
4.72 -0.0155945356464976
4.73 -0.0053998013480014
4.74 0.00483145189428275
4.75 0.0150992240803548
4.76 0.0254035152102149
4.77 0.0357443252838627
4.78 0.0461216543012985
4.79 0.0565355022625223
4.8 0.0669858691675339
4.81 0.0774727550163334
4.82 0.0879961598089207
4.83 0.098556083545296
4.84 0.109152526225459
4.85 0.11978548784941
4.86 0.130454968417149
4.87 0.141160967928677
4.88 0.151903486383991
4.89 0.162682523783094
4.9 0.173498080125985
4.91 0.184350155412663
4.92 0.19523874964313
4.93 0.206163862817384
4.94 0.217125494935426
4.95 0.228123645997257
4.96 0.239158316002875
4.97 0.250229504952281
4.98 0.261337212845475
4.99 0.272418840968155
5 0.283662185463226
5.01 0.294816851473482
5.02 0.305882838998922
5.03 0.316860148039546
5.04 0.327748778595354
5.05 0.338548730666347
5.06 0.349260004252523
5.07 0.359882599353884
5.08 0.370416515970429
5.09 0.380861754102158
5.1 0.391218313749071
5.11 0.401486194911168
5.12 0.41166539758845
5.13 0.421755921780915
5.14 0.431757767488565
5.15 0.441670934711399
5.16 0.451495423449417
5.17 0.461231233702619
5.18 0.470878365471006
5.19 0.480436818754576
5.2 0.489906593553331
5.21 0.49928768986727
5.22 0.508580107696393
5.23 0.5177838470407
5.24 0.526898907900191
5.25 0.535925290274867
5.26 0.544862994164726
5.27 0.55371201956977
5.28 0.562472366489998
5.29 0.57114403492541
5.3 0.579727024876006
5.31 0.588221336341787
5.32 0.596626969322751
5.33 0.6049439238189
5.34 0.613172199830233
5.35 0.62131179735675
5.36 0.629362716398451
5.37 0.637324956955336
5.38 0.645198519027406
5.39 0.652983402614659
5.4 0.660679607717097
5.41 0.668287134334719
5.42 0.675805982467525
5.43 0.683236152115515
5.44 0.69057764327869
5.45 0.697830455957048
5.46 0.704994590150591
5.47 0.712070045859318
5.48 0.719056823083229
5.49 0.725954921822324
5.5 0.732764342076603
5.51 0.739485083846067
5.52 0.746117147130714
5.53 0.752660531930546
5.54 0.759115238245562
5.55 0.765481266075762
5.56 0.771758615421146
5.57 0.777947286281715
5.58 0.784047278657467
5.59 0.790058592548404
5.6 0.795981227954525
5.61 0.80181518487583
5.62 0.807560463312319
5.63 0.813217063263992
5.64 0.81878498473085
5.65 0.824264227712892
5.66 0.829654792210117
5.67 0.834956678222527
5.68 0.840169885750121
5.69 0.8452944147929
5.7 0.850330265350862
5.71 0.855277437424009
5.72 0.860135931012339
5.73 0.864905746115854
5.74 0.869586882734553
5.75 0.874179340868436
5.76 0.878683120517504
5.77 0.883098221681755
5.78 0.887424644361191
5.79 0.891662388555811
5.8 0.895811454265615
5.81 0.899871841490603
5.82 0.903843550230775
5.83 0.907726580486131
5.84 0.911520932256672
5.85 0.915226605542397
5.86 0.918843600343306
5.87 0.922371916659398
5.88 0.925811554490676
5.89 0.929162513837137
5.9 0.932424794698782
5.91 0.935598397075612
5.92 0.938683320967626
5.93 0.941679566374824
5.94 0.944587133297206
5.95 0.947406021734772
5.96 0.950136231687523
5.97 0.952777763155457
5.98 0.955330616138576
5.99 0.957795191508345
6 0.960170286650366
6.01 0.962457505050504
6.02 0.964656846708758
6.03 0.96676831162513
6.04 0.968791899799618
6.05 0.970727611232224
6.06 0.972575445922947
6.07 0.974335403871786
6.08 0.976007485078743
6.09 0.977591689543817
6.1 0.979088017267007
6.11 0.980496468248315
6.12 0.98181704248774
6.13 0.983049739985281
6.14 0.98419456074094
6.15 0.985251504754716
6.16 0.986220572026608
6.17 0.987101762556618
6.18 0.987895076344745
6.19 0.988600513390989
6.2 0.989218073695349
6.21 0.989747757257827
6.22 0.990189564078422
6.23 0.990543494157134
6.24 0.990809547493962
6.25 0.990987724088908
6.26 0.991078023941971
6.27 0.99108044705315
6.28 0.990994993422447
6.29 0.990821663049861
6.3 0.990560455935392
6.31 0.99021137207904
6.32 0.989774411480804
6.33 0.989249574140686
6.34 0.988636860058685
6.35 0.987936269234801
6.36 0.987147801669034
6.37 0.986271457361383
6.38 0.98530723631185
6.39 0.984255138520434
6.4 0.983115163987135
6.41 0.981887312711953
6.42 0.980571584694887
6.43 0.979167979935939
6.44 0.977676498435108
6.45 0.976097140192394
6.46 0.974429905207797
6.47 0.972674793481317
6.48 0.970831805012954
6.49 0.968900939802708
6.5 0.966882197850578
6.51 0.964775579156566
6.52 0.962581083720671
6.53 0.960298711542893
6.54 0.957928462623232
6.55 0.955470336961688
6.56 0.952924334558261
6.57 0.950290455412951
6.58 0.947568699525758
6.59 0.944759066896682
6.6 0.941861557525723
6.61 0.93887617141288
6.62 0.935802908558155
6.63 0.932641768961547
6.64 0.929392752623056
6.65 0.926055859542682
6.66 0.922631089720425
6.67 0.919118443156285
6.68 0.915517919850262
6.69 0.911829519802356
6.7 0.908053243012567
6.71 0.904189089480895
6.72 0.90023705920734
6.73 0.896197152191902
6.74 0.892069368434581
6.75 0.887853707935377
6.76 0.88355017069429
6.77 0.87915875671132
6.78 0.874679465986467
6.79 0.870112298519731
6.8 0.865457254311113
6.81 0.860714333360611
6.82 0.855883535668226
6.83 0.850964861233958
6.84 0.845958310057807
6.85 0.840863882139773
6.86 0.835681577479856
6.87 0.830411396078056
6.88 0.825053337934373
6.89 0.819607403048807
6.9 0.814073591421358
6.91 0.808451903052026
6.92 0.802742337940812
6.93 0.796944896087714
6.94 0.791059577492733
6.95 0.785086382155869
6.96 0.779025310077122
6.97 0.772876361256492
6.98 0.766639535693979
6.99 0.760333396705882
7 0.753902254343305
7.01 0.747420361871441
7.02 0.740887719290292
7.03 0.734304326599857
7.04 0.727670183800135
7.05 0.720985290891128
7.06 0.714249647872835
7.07 0.707463254745256
7.08 0.700626111508391
7.09 0.69373821816224
7.1 0.686799574706802
7.11 0.679810181142079
7.12 0.67277003746807
7.13 0.665679143684775
7.14 0.658537499792194
7.15 0.651345105790327
7.16 0.644101961679174
7.17 0.636808067458735
7.18 0.62946342312901
7.19 0.622068028689999
7.2 0.614621884141702
7.21 0.60712498948412
7.22 0.599577344717251
7.23 0.591978949841096
7.24 0.584329804855655
7.25 0.576629909760928
7.26 0.568879264556916
7.27 0.561077869243617
7.28 0.553225723821032
7.29 0.545322828289161
7.3 0.537369182648005
7.31 0.529364786897562
7.32 0.521309641037834
7.33 0.513203745068819
7.34 0.505047098990518
7.35 0.496839702802932
7.36 0.48858155650606
7.37 0.480272660099901
7.38 0.471913013584456
7.39 0.463502616959726
7.4 0.45504147022571
7.41 0.446529573382407
7.42 0.437966926429819
7.43 0.429353529367944
7.44 0.420689382196784
7.45 0.411974484916338
7.46 0.403208837526606
7.47 0.394392440027587
7.48 0.385525292419283
7.49 0.376607394701693
7.5 0.367638746874817
7.51 0.358619348938654
7.52 0.349549200893206
7.53 0.340428302738472
7.54 0.331256654474452
7.55 0.322034256101146
7.56 0.312761107618554
7.57 0.303437209026676
7.58 0.294062560325512
7.59 0.284637161515062
7.6 0.275161012595326
7.61 0.265634113566304
7.62 0.256056464427996
7.63 0.246428065180402
7.64 0.236748915823522
7.65 0.227019016357356
7.66 0.217238366781905
7.67 0.207406967097167
7.68 0.197524817303143
7.69 0.187591917399833
7.7 0.177608267387238
7.71 0.167573867265356
7.72 0.157488717034188
7.73 0.147352816693735
7.74 0.137166166243995
7.75 0.126928765684969
7.76 0.116640615016658
7.77 0.10630171423906
7.78 0.0959120633521766
7.79 0.085471662356007
7.8 0.0749805112505516
7.81 0.0644386100358101
7.82 0.0538459587117827
7.83 0.0432025572784693
7.84 0.0325084057358698
7.85 0.0217635040839845
7.86 0.0109678523228131
7.87 0.000121450452355704
7.88 -0.0107757015273876
7.89 -0.0217236036164169
7.9 -0.0327222558147322
7.91 -0.0437716581223334
7.92 -0.0548718105392206
7.93 -0.0660227130653938
7.94 -0.0772243657008529
7.95 -0.088476768445598
7.96 -0.0997799212996292
7.97 -0.111133824262946
7.98 -0.122538477335549
7.99 -0.133929753202145
8 -0.145500033808614
8.01 -0.156992809893781
8.02 -0.168408081457647
8.03 -0.179745848500212
8.04 -0.191006111021476
8.05 -0.202188869021439
8.06 -0.213294122500101
8.07 -0.224321871457462
8.08 -0.235272115893521
8.09 -0.246144855808279
8.1 -0.256940091201736
8.11 -0.267657822073892
8.12 -0.278298048424747
8.13 -0.288860770254301
8.14 -0.299345987562553
8.15 -0.309753700349505
8.16 -0.320083908615155
8.17 -0.330336612359504
8.18 -0.340511811582552
8.19 -0.350609506284299
8.2 -0.360629696464745
8.21 -0.370572382123889
8.22 -0.380437563261732
8.23 -0.390225239878275
8.24 -0.399935411973516
8.25 -0.409568079547455
8.26 -0.419123242600094
8.27 -0.428600901131432
8.28 -0.438001055141468
8.29 -0.447323704630204
8.3 -0.456568849597638
8.31 -0.465736490043771
8.32 -0.474826625968603
8.33 -0.483839257372133
8.34 -0.492774384254363
8.35 -0.501632006615291
8.36 -0.510412124454919
8.37 -0.519114737773245
8.38 -0.52773984657027
8.39 -0.536287450845994
8.4 -0.544757550600416
8.41 -0.553150145833538
8.42 -0.561465236545358
8.43 -0.569702822735877
8.44 -0.577862904405096
8.45 -0.585945481553013
8.46 -0.593950554179628
8.47 -0.601878122284943
8.48 -0.609728185868956
8.49 -0.617500744931669
8.5 -0.62519579947308
8.51 -0.63281334949319
8.52 -0.640353394991999
8.53 -0.647815935969507
8.54 -0.655200972425713
8.55 -0.662508504360619
8.56 -0.669738531774223
8.57 -0.676891054666526
8.58 -0.683966073037528
8.59 -0.690963586887229
8.6 -0.697883596215629
8.61 -0.704726101022727
8.62 -0.711491101308525
8.63 -0.718178597073021
8.64 -0.724788588316216
8.65 -0.73132107503811
8.66 -0.737776057238703
8.67 -0.744153534917995
8.68 -0.750453508075986
8.69 -0.756675976712675
8.7 -0.762820940828063
8.71 -0.76888840042215
8.72 -0.774878355494936
8.73 -0.780790806046421
8.74 -0.786625752076605
8.75 -0.792383193585487
8.76 -0.798063130573068
8.77 -0.803665563039349
8.78 -0.809190490984328
8.79 -0.814637914408006
8.8 -0.820007833310383
8.81 -0.825300247691458
8.82 -0.830515157551232
8.83 -0.835652562889706
8.84 -0.840712463706878
8.85 -0.845694860002749
8.86 -0.850599751777319
8.87 -0.855427139030588
8.88 -0.860177021762556
8.89 -0.864849399973222
8.9 -0.869444273662587
8.91 -0.873961642830651
8.92 -0.878401507477414
8.93 -0.882763867602876
8.94 -0.887048723207037
8.95 -0.891256074289897
8.96 -0.895385920851455
8.97 -0.899438262891712
8.98 -0.903413100410668
