0 -0.0721750876261211
0.01 -0.0799255397562359
0.02 -0.0876759918863507
0.03 -0.0954264440164655
0.04 -0.10317689614658
0.05 -0.110927348276695
0.06 -0.11867780040681
0.07 -0.126428252536925
0.08 -0.134178704667039
0.09 -0.141929156797154
0.1 -0.149679608927269
0.11 -0.157430061057384
0.12 -0.165180513187498
0.13 -0.172930965317613
0.14 -0.180681417447728
0.15 -0.188431869577843
0.16 -0.196182321707958
0.17 -0.203932773838072
0.18 -0.211683225968187
0.19 -0.219433678098302
0.2 -0.227184130228417
0.21 -0.234934582358532
0.22 -0.242685034488646
0.23 -0.250435486618761
0.24 -0.258185938748876
0.25 -0.265936390878991
0.26 -0.273686843009106
0.27 -0.28143729513922
0.28 -0.289187747269335
0.29 -0.29693819939945
0.3 -0.304688651529565
0.31 -0.312439103659679
0.32 -0.320189555789794
0.33 -0.327940007919909
0.34 -0.335690460050024
0.35 -0.343440912180139
0.36 -0.351191364310253
0.37 -0.358941816440368
0.38 -0.366692268570483
0.39 -0.374442720700598
0.4 -0.382193172830712
0.41 -0.389943624960827
0.42 -0.397694077090942
0.43 -0.405444529221057
0.44 -0.413194981351172
0.45 -0.420945433481286
0.46 -0.428695885611401
0.47 -0.436446337741516
0.48 -0.444196789871631
0.49 -0.451947242001745
0.5 -0.45969769413186
0.51 -0.467448146261975
0.52 -0.47519859839209
0.53 -0.482949050522205
0.54 -0.490699502652319
0.55 -0.498449954782434
0.56 -0.506200406912549
0.57 -0.513950859042664
0.58 -0.521701311172778
0.59 -0.529451763302893
0.6 -0.537202215433008
0.61 -0.544952667563123
0.62 -0.552703119693238
0.63 -0.560453571823352
0.64 -0.568204023953467
0.65 -0.575954476083582
0.66 -0.583704928213697
0.67 -0.591455380343812
0.68 -0.599205832473926
0.69 -0.606956284604041
0.7 -0.614706736734156
0.71 -0.622457188864271
0.72 -0.630207640994385
0.73 -0.6379580931245
0.74 -0.645708545254615
0.75 -0.65345899738473
0.76 -0.661209449514845
0.77 -0.668959901644959
0.78 -0.676710353775074
0.79 -0.684460805905189
0.8 -0.692211258035304
0.81 -0.699961710165419
0.82 -0.707712162295533
0.83 -0.715462614425648
0.84 -0.723213066555763
0.85 -0.730963518685878
0.86 -0.738713970815992
0.87 -0.746464422946107
0.88 -0.754214875076222
0.89 -0.761965327206337
0.9 -0.769715779336452
0.91 -0.777466231466566
0.92 -0.785216683596681
0.93 -0.792967135726796
0.94 -0.800717587856911
0.95 -0.808468039987025
0.96 -0.81621849211714
0.97 -0.823968944247255
0.98 -0.83171939637737
0.99 -0.839469848507485
1 -0.847220300637599
1.01 -0.849404877473153
1.02 -0.851589454308707
1.03 -0.85377403114426
1.04 -0.855958607979814
1.05 -0.858143184815368
1.06 -0.860327761650921
1.07 -0.862512338486475
1.08 -0.864696915322029
1.09 -0.866881492157582
1.1 -0.869066068993136
1.11 -0.87125064582869
1.12 -0.873435222664243
1.13 -0.875619799499797
1.14 -0.877804376335351
1.15 -0.879988953170904
1.16 -0.882173530006458
1.17 -0.884358106842011
1.18 -0.886542683677565
1.19 -0.888727260513119
1.2 -0.890911837348672
1.21 -0.893096414184226
1.22 -0.89528099101978
1.23 -0.897465567855333
1.24 -0.899650144690887
1.25 -0.901834721526441
1.26 -0.904019298361994
1.27 -0.906203875197548
1.28 -0.908388452033102
1.29 -0.910573028868655
1.3 -0.912757605704209
1.31 -0.914942182539763
1.32 -0.917126759375316
1.33 -0.91931133621087
1.34 -0.921495913046424
1.35 -0.923680489881977
1.36 -0.925865066717531
1.37 -0.928049643553085
1.38 -0.930234220388638
1.39 -0.932418797224192
1.4 -0.934603374059746
1.41 -0.936787950895299
1.42 -0.938972527730853
1.43 -0.941157104566407
1.44 -0.94334168140196
1.45 -0.945526258237514
1.46 -0.947710835073068
1.47 -0.949895411908621
1.48 -0.952079988744175
1.49 -0.954264565579728
1.5 -0.956449142415282
1.51 -0.958633719250836
1.52 -0.960818296086389
1.53 -0.963002872921943
1.54 -0.965187449757497
1.55 -0.96737202659305
1.56 -0.969556603428604
1.57 -0.971741180264158
1.58 -0.973925757099711
1.59 -0.976110333935265
1.6 -0.978294910770819
1.61 -0.980479487606372
1.62 -0.982664064441926
1.63 -0.98484864127748
1.64 -0.987033218113033
1.65 -0.989217794948587
1.66 -0.991402371784141
1.67 -0.993586948619694
1.68 -0.995771525455248
1.69 -0.997956102290802
1.7 -1.00014067912636
1.71 -1.00232525596191
1.72 -1.00450983279746
1.73 -1.00669440963302
1.74 -1.00887898646857
1.75 -1.01106356330412
1.76 -1.01324814013968
1.77 -1.01543271697523
1.78 -1.01761729381078
1.79 -1.01980187064634
1.8 -1.02198644748189
1.81 -1.02417102431745
1.82 -1.026355601153
1.83 -1.02854017798855
1.84 -1.03072475482411
1.85 -1.03290933165966
1.86 -1.03509390849521
1.87 -1.03727848533077
1.88 -1.03946306216632
1.89 -1.04164763900187
1.9 -1.04383221583743
1.91 -1.04601679267298
1.92 -1.04820136950854
1.93 -1.05038594634409
1.94 -1.05257052317964
1.95 -1.0547551000152
1.96 -1.05693967685075
1.97 -1.0591242536863
1.98 -1.06130883052186
1.99 -1.06349340735741
2 -1.06567798419296
2.01 -1.05584133771017
2.02 -1.04600469122738
2.03 -1.03616804474459
2.04 -1.02633139826179
2.05 -1.016494751779
2.06 -1.00665810529621
2.07 -0.996821458813412
2.08 -0.986984812330619
2.09 -0.977148165847826
2.1 -0.967311519365032
2.11 -0.957474872882239
2.12 -0.947638226399446
2.13 -0.937801579916653
2.14 -0.927964933433859
2.15 -0.918128286951066
2.16 -0.908291640468273
2.17 -0.89845499398548
2.18 -0.888618347502687
2.19 -0.878781701019894
2.2 -0.8689450545371
2.21 -0.859108408054307
2.22 -0.849271761571514
2.23 -0.83943511508872
2.24 -0.829598468605927
2.25 -0.819761822123134
2.26 -0.809925175640341
2.27 -0.800088529157547
2.28 -0.790251882674754
2.29 -0.780415236191961
2.3 -0.770578589709168
2.31 -0.760741943226374
2.32 -0.750905296743581
2.33 -0.741068650260788
2.34 -0.731232003777995
2.35 -0.721395357295202
2.36 -0.711558710812409
2.37 -0.701722064329615
2.38 -0.691885417846822
2.39 -0.682048771364029
2.4 -0.672212124881235
2.41 -0.662375478398442
2.42 -0.652538831915649
2.43 -0.642702185432856
2.44 -0.632865538950063
2.45 -0.623028892467269
2.46 -0.613192245984476
2.47 -0.603355599501683
2.48 -0.59351895301889
2.49 -0.583682306536096
2.5 -0.573845660053303
2.51 -0.56400901357051
2.52 -0.554172367087717
2.53 -0.544335720604923
2.54 -0.53449907412213
2.55 -0.524662427639337
2.56 -0.514825781156544
2.57 -0.504989134673751
2.58 -0.495152488190957
2.59 -0.485315841708164
2.6 -0.475479195225371
2.61 -0.465642548742578
2.62 -0.455805902259784
2.63 -0.445969255776991
2.64 -0.436132609294198
2.65 -0.426295962811405
2.66 -0.416459316328611
2.67 -0.406622669845818
2.68 -0.396786023363025
2.69 -0.386949376880232
2.7 -0.377112730397438
2.71 -0.367276083914645
2.72 -0.357439437431852
2.73 -0.347602790949059
2.74 -0.337766144466265
2.75 -0.327929497983472
2.76 -0.318092851500679
2.77 -0.308256205017886
2.78 -0.298419558535092
2.79 -0.288582912052299
2.8 -0.278746265569506
2.81 -0.268909619086713
2.82 -0.25907297260392
2.83 -0.249236326121126
2.84 -0.239399679638333
2.85 -0.22956303315554
2.86 -0.219726386672747
2.87 -0.209889740189953
2.88 -0.20005309370716
2.89 -0.190216447224367
2.9 -0.180379800741574
2.91 -0.17054315425878
2.92 -0.160706507775987
2.93 -0.150869861293194
2.94 -0.141033214810401
2.95 -0.131196568327607
2.96 -0.121359921844814
2.97 -0.111523275362021
2.98 -0.101686628879228
2.99 -0.0918499823964343
3 -0.0820133359136412
3.01 -0.0736460916806319
3.02 -0.0652788474476222
3.03 -0.0569116032146129
3.04 -0.0485443589816032
3.05 -0.0401771147485939
3.06 -0.0318098705155842
3.07 -0.0234426262825749
3.08 -0.0150753820495652
3.09 -0.00670813781655591
3.1 0.00165910641645378
3.11 0.0100263506494631
3.12 0.0183935948824728
3.13 0.0267608391154821
3.14 0.0351280833484918
3.15 0.0434953275815011
3.16 0.0518625718145108
3.17 0.0602298160475201
3.18 0.0685970602805298
3.19 0.0769643045135391
3.2 0.0853315487465488
3.21 0.0936987929795581
3.22 0.102066037212568
3.23 0.110433281445577
3.24 0.118800525678587
3.25 0.127167769911596
3.26 0.135535014144605
3.27 0.143902258377615
3.28 0.152269502610625
3.29 0.160636746843634
3.3 0.169003991076643
3.31 0.177371235309653
3.32 0.185738479542662
3.33 0.194105723775672
3.34 0.202472968008681
3.35 0.210840212241691
3.36 0.2192074564747
3.37 0.22757470070771
3.38 0.235941944940719
3.39 0.244309189173729
3.4 0.252676433406738
3.41 0.261043677639748
3.42 0.269410921872757
3.43 0.277778166105767
3.44 0.286145410338776
3.45 0.294512654571786
3.46 0.302879898804795
3.47 0.311247143037805
3.48 0.319614387270814
3.49 0.327981631503824
3.5 0.336348875736833
3.51 0.344716119969843
3.52 0.353083364202852
3.53 0.361450608435862
3.54 0.369817852668871
3.55 0.378185096901881
3.56 0.386552341134891
3.57 0.3949195853679
3.58 0.40328682960091
3.59 0.411654073833919
3.6 0.420021318066928
3.61 0.428388562299938
3.62 0.436755806532948
3.63 0.445123050765957
3.64 0.453490294998967
3.65 0.461857539231976
3.66 0.470224783464986
3.67 0.478592027697995
3.68 0.486959271931005
3.69 0.495326516164014
3.7 0.503693760397024
3.71 0.512061004630033
3.72 0.520428248863042
3.73 0.528795493096052
3.74 0.537162737329062
3.75 0.545529981562071
3.76 0.55389722579508
3.77 0.56226447002809
3.78 0.570631714261099
3.79 0.578998958494109
3.8 0.587366202727118
3.81 0.595733446960128
3.82 0.604100691193137
3.83 0.612467935426147
3.84 0.620835179659156
3.85 0.629202423892166
3.86 0.637569668125175
3.87 0.645936912358185
3.88 0.654304156591194
3.89 0.662671400824204
3.9 0.671038645057213
3.91 0.679405889290223
3.92 0.687773133523232
3.93 0.696140377756242
3.94 0.704507621989251
3.95 0.712874866222261
3.96 0.72124211045527
3.97 0.729609354688279
3.98 0.737976598921289
3.99 0.746343843154299
4 0.754711087387308
4.01 0.758362981766099
4.02 0.762014876144889
4.03 0.76566677052368
4.04 0.769318664902471
4.05 0.772970559281261
4.06 0.776622453660052
4.07 0.780274348038843
4.08 0.783926242417633
4.09 0.787578136796424
4.1 0.791230031175214
4.11 0.794881925554005
4.12 0.798533819932795
4.13 0.802185714311586
4.14 0.805837608690376
4.15 0.809489503069167
4.16 0.813141397447958
4.17 0.816793291826748
4.18 0.820445186205539
4.19 0.82409708058433
4.2 0.82774897496312
4.21 0.831400869341911
4.22 0.835052763720701
4.23 0.838704658099492
4.24 0.842356552478283
4.25 0.846008446857073
4.26 0.849660341235864
4.27 0.853312235614654
4.28 0.856964129993445
4.29 0.860616024372236
4.3 0.864267918751026
4.31 0.867919813129817
4.32 0.871571707508608
4.33 0.875223601887398
4.34 0.878875496266189
4.35 0.882527390644979
4.36 0.88617928502377
4.37 0.88983117940256
4.38 0.893483073781351
4.39 0.897134968160141
4.4 0.900786862538932
4.41 0.904438756917723
4.42 0.908090651296513
4.43 0.911742545675304
4.44 0.915394440054095
4.45 0.919046334432885
4.46 0.922698228811676
4.47 0.926350123190466
4.48 0.930002017569257
4.49 0.933653911948048
4.5 0.937305806326838
4.51 0.940957700705629
4.52 0.944609595084419
4.53 0.94826148946321
4.54 0.951913383842001
4.55 0.955565278220791
4.56 0.959217172599582
4.57 0.962869066978373
4.58 0.966520961357163
4.59 0.970172855735954
4.6 0.973824750114744
4.61 0.977476644493535
4.62 0.981128538872325
4.63 0.984780433251116
4.64 0.988432327629907
4.65 0.992084222008697
4.66 0.995736116387488
4.67 0.999388010766278
4.68 1.00303990514507
4.69 1.00669179952386
4.7 1.01034369390265
4.71 1.01399558828144
4.72 1.01764748266023
4.73 1.02129937703902
4.74 1.02495127141781
4.75 1.0286031657966
4.76 1.03225506017539
4.77 1.03590695455418
4.78 1.03955884893298
4.79 1.04321074331177
4.8 1.04686263769056
4.81 1.05051453206935
4.82 1.05416642644814
4.83 1.05781832082693
4.84 1.06147021520572
4.85 1.06512210958451
4.86 1.0687740039633
4.87 1.07242589834209
4.88 1.07607779272088
4.89 1.07972968709967
4.9 1.08338158147846
4.91 1.08703347585725
4.92 1.09068537023604
4.93 1.09433726461483
4.94 1.09798915899362
4.95 1.10164105337242
4.96 1.10529294775121
4.97 1.10894484213
4.98 1.11259673650879
4.99 1.11624863088758
5 1.11990052526637
5.01 1.11103267678478
5.02 1.1021648283032
5.03 1.09329697982161
5.04 1.08442913134003
5.05 1.07556128285845
5.06 1.06669343437686
5.07 1.05782558589528
5.08 1.04895773741369
5.09 1.04008988893211
5.1 1.03122204045052
5.11 1.02235419196894
5.12 1.01348634348735
5.13 1.00461849500577
5.14 0.995750646524185
5.15 0.986882798042599
5.16 0.978014949561015
5.17 0.969147101079431
5.18 0.960279252597846
5.19 0.951411404116261
5.2 0.942543555634677
5.21 0.933675707153092
5.22 0.924807858671508
5.23 0.915940010189923
5.24 0.907072161708338
5.25 0.898204313226754
5.26 0.88933646474517
5.27 0.880468616263585
5.28 0.871600767782
5.29 0.862732919300416
5.3 0.853865070818831
5.31 0.844997222337247
5.32 0.836129373855662
5.33 0.827261525374077
5.34 0.818393676892493
5.35 0.809525828410909
5.36 0.800657979929323
5.37 0.791790131447739
5.38 0.782922282966155
5.39 0.77405443448457
5.4 0.765186586002985
5.41 0.756318737521401
5.42 0.747450889039816
5.43 0.738583040558232
5.44 0.729715192076647
5.45 0.720847343595062
5.46 0.711979495113478
5.47 0.703111646631894
5.48 0.694243798150308
5.49 0.685375949668724
5.5 0.67650810118714
5.51 0.667640252705555
5.52 0.658772404223971
5.53 0.649904555742386
5.54 0.641036707260801
5.55 0.632168858779217
5.56 0.623301010297632
5.57 0.614433161816047
5.58 0.605565313334463
5.59 0.596697464852879
5.6 0.587829616371294
5.61 0.578961767889709
5.62 0.570093919408125
5.63 0.56122607092654
5.64 0.552358222444956
5.65 0.543490373963371
5.66 0.534622525481786
5.67 0.525754677000202
5.68 0.516886828518618
5.69 0.508018980037033
5.7 0.499151131555448
5.71 0.490283283073864
5.72 0.481415434592279
5.73 0.472547586110694
5.74 0.46367973762911
5.75 0.454811889147525
5.76 0.445944040665941
5.77 0.437076192184357
5.78 0.428208343702771
5.79 0.419340495221187
5.8 0.410472646739603
5.81 0.401604798258017
5.82 0.392736949776433
5.83 0.383869101294849
5.84 0.375001252813264
5.85 0.36613340433168
5.86 0.357265555850095
5.87 0.34839770736851
5.88 0.339529858886926
5.89 0.330662010405342
5.9 0.321794161923756
5.91 0.312926313442172
5.92 0.304058464960588
5.93 0.295190616479003
5.94 0.286322767997419
5.95 0.277454919515834
5.96 0.268587071034249
5.97 0.259719222552665
5.98 0.25085137407108
5.99 0.241983525589495
6 0.233115677107911
6.01 0.224328002919612
6.02 0.215540328731313
6.03 0.206752654543012
6.04 0.197964980354713
6.05 0.189177306166414
6.06 0.180389631978115
6.07 0.171601957789815
6.08 0.162814283601515
6.09 0.154026609413216
6.1 0.145238935224917
6.11 0.136451261036617
6.12 0.127663586848318
6.13 0.118875912660018
6.14 0.110088238471719
6.15 0.101300564283419
6.16 0.0925128900951197
6.17 0.0837252159068205
6.18 0.0749375417185212
6.19 0.0661498675302212
6.2 0.0573621933419219
6.21 0.0485745191536227
6.22 0.0397868449653234
6.23 0.0309991707770234
6.24 0.0222114965887241
6.25 0.0134238224004248
6.26 0.00463614821212557
6.27 -0.00415152597617369
6.28 -0.0129392001644737
6.29 -0.021726874352773
6.3 -0.0305145485410723
6.31 -0.0393022227293715
6.32 -0.0480898969176716
6.33 -0.0568775711059708
6.34 -0.0656652452942701
6.35 -0.0744529194825693
6.36 -0.0832405936708694
6.37 -0.0920282678591686
6.38 -0.100815942047468
6.39 -0.109603616235767
6.4 -0.118391290424067
6.41 -0.127178964612366
6.42 -0.135966638800666
6.43 -0.144754312988965
6.44 -0.153541987177265
6.45 -0.162329661365564
6.46 -0.171117335553864
6.47 -0.179905009742163
6.48 -0.188692683930463
6.49 -0.197480358118762
6.5 -0.206268032307061
6.51 -0.215055706495361
6.52 -0.22384338068366
6.53 -0.23263105487196
6.54 -0.241418729060259
6.55 -0.250206403248558
6.56 -0.258994077436858
6.57 -0.267781751625158
6.58 -0.276569425813457
6.59 -0.285357100001756
6.6 -0.294144774190056
6.61 -0.302932448378356
6.62 -0.311720122566655
6.63 -0.320507796754954
6.64 -0.329295470943253
6.65 -0.338083145131553
6.66 -0.346870819319853
6.67 -0.355658493508152
6.68 -0.364446167696451
6.69 -0.37323384188475
6.7 -0.38202151607305
6.71 -0.39080919026135
6.72 -0.399596864449649
6.73 -0.408384538637949
6.74 -0.417172212826248
6.75 -0.425959887014548
6.76 -0.434747561202847
6.77 -0.443535235391146
6.78 -0.452322909579446
6.79 -0.461110583767745
6.8 -0.469898257956045
6.81 -0.478685932144345
6.82 -0.487473606332644
6.83 -0.496261280520943
6.84 -0.505048954709242
6.85 -0.513836628897542
6.86 -0.522624303085842
6.87 -0.531411977274141
6.88 -0.54019965146244
6.89 -0.54898732565074
6.9 -0.55777499983904
6.91 -0.566562674027339
6.92 -0.575350348215638
6.93 -0.584138022403937
6.94 -0.592925696592237
6.95 -0.601713370780537
6.96 -0.610501044968836
6.97 -0.619288719157135
6.98 -0.628076393345435
6.99 -0.636864067533734
7 -0.645651741722034
7.01 -0.650726752650631
7.02 -0.655801763579229
7.03 -0.660876774507827
7.04 -0.665951785436425
7.05 -0.671026796365022
7.06 -0.67610180729362
7.07 -0.681176818222218
7.08 -0.686251829150815
7.09 -0.691326840079413
7.1 -0.69640185100801
7.11 -0.701476861936609
7.12 -0.706551872865206
7.13 -0.711626883793804
7.14 -0.716701894722401
7.15 -0.721776905650999
7.16 -0.726851916579597
7.17 -0.731926927508194
7.18 -0.737001938436792
7.19 -0.74207694936539
7.2 -0.747151960293988
7.21 -0.752226971222585
7.22 -0.757301982151183
7.23 -0.762376993079781
7.24 -0.767452004008378
7.25 -0.772527014936976
7.26 -0.777602025865574
7.27 -0.782677036794171
7.28 -0.787752047722769
7.29 -0.792827058651367
7.3 -0.797902069579964
7.31 -0.802977080508562
7.32 -0.80805209143716
7.33 -0.813127102365757
7.34 -0.818202113294355
7.35 -0.823277124222953
7.36 -0.828352135151551
7.37 -0.833427146080148
7.38 -0.838502157008746
7.39 -0.843577167937343
7.4 -0.848652178865941
7.41 -0.853727189794539
7.42 -0.858802200723137
7.43 -0.863877211651734
7.44 -0.868952222580332
7.45 -0.87402723350893
7.46 -0.879102244437527
7.47 -0.884177255366125
7.48 -0.889252266294723
7.49 -0.894327277223321
7.5 -0.899402288151918
7.51 -0.904477299080516
7.52 -0.909552310009113
7.53 -0.914627320937711
7.54 -0.919702331866309
7.55 -0.924777342794906
7.56 -0.929852353723504
7.57 -0.934927364652102
7.58 -0.9400023755807
7.59 -0.945077386509297
7.6 -0.950152397437895
7.61 -0.955227408366493
7.62 -0.96030241929509
7.63 -0.965377430223688
7.64 -0.970452441152286
7.65 -0.975527452080884
7.66 -0.980602463009481
7.67 -0.985677473938079
7.68 -0.990752484866676
7.69 -0.995827495795274
7.7 -1.00090250672387
7.71 -1.00597751765247
7.72 -1.01105252858107
7.73 -1.01612753950967
7.74 -1.02120255043826
7.75 -1.02627756136686
7.76 -1.03135257229546
7.77 -1.03642758322406
7.78 -1.04150259415265
7.79 -1.04657760508125
7.8 -1.05165261600985
7.81 -1.05672762693845
7.82 -1.06180263786704
7.83 -1.06687764879564
7.84 -1.07195265972424
7.85 -1.07702767065284
7.86 -1.08210268158143
7.87 -1.08717769251003
7.88 -1.09225270343863
7.89 -1.09732771436723
7.9 -1.10240272529583
7.91 -1.10747773622442
7.92 -1.11255274715302
7.93 -1.11762775808162
7.94 -1.12270276901022
7.95 -1.12777777993881
7.96 -1.13285279086741
7.97 -1.13792780179601
7.98 -1.14300281272461
7.99 -1.1480778236532
8 -1.1531528345818
8.01 -1.14540238245169
8.02 -1.13765193032157
8.03 -1.12990147819146
8.04 -1.12215102606134
8.05 -1.11440057393123
8.06 -1.10665012180111
8.07 -1.098899669671
8.08 -1.09114921754088
8.09 -1.08339876541077
8.1 -1.07564831328065
8.11 -1.06789786115054
8.12 -1.06014740902043
8.13 -1.05239695689031
8.14 -1.0446465047602
8.15 -1.03689605263008
8.16 -1.02914560049997
8.17 -1.02139514836985
8.18 -1.01364469623974
8.19 -1.00589424410962
8.2 -0.998143791979507
8.21 -0.990393339849391
8.22 -0.982642887719277
8.23 -0.974892435589162
8.24 -0.967141983459048
8.25 -0.959391531328933
8.26 -0.951641079198818
8.27 -0.943890627068704
8.28 -0.936140174938589
8.29 -0.928389722808475
8.3 -0.920639270678358
8.31 -0.912888818548244
8.32 -0.905138366418129
8.33 -0.897387914288015
8.34 -0.8896374621579
8.35 -0.881887010027785
8.36 -0.874136557897671
8.37 -0.866386105767556
8.38 -0.85863565363744
8.39 -0.850885201507326
8.4 -0.843134749377211
8.41 -0.835384297247096
8.42 -0.827633845116982
8.43 -0.819883392986867
8.44 -0.812132940856752
8.45 -0.804382488726638
8.46 -0.796632036596522
8.47 -0.788881584466407
8.48 -0.781131132336293
8.49 -0.773380680206178
8.5 -0.765630228076063
8.51 -0.757879775945949
8.52 -0.750129323815834
8.53 -0.74237887168572
8.54 -0.734628419555605
8.55 -0.726877967425489
8.56 -0.719127515295374
8.57 -0.71137706316526
8.58 -0.703626611035145
8.59 -0.69587615890503
8.6 -0.688125706774916
8.61 -0.680375254644801
8.62 -0.672624802514687
8.63 -0.664874350384571
8.64 -0.657123898254456
8.65 -0.649373446124341
8.66 -0.641622993994227
8.67 -0.633872541864112
8.68 -0.626122089733998
8.69 -0.618371637603883
8.7 -0.610621185473768
8.71 -0.602870733343652
8.72 -0.595120281213538
8.73 -0.587369829083423
8.74 -0.579619376953308
8.75 -0.571868924823194
8.76 -0.564118472693079
8.77 -0.556368020562965
8.78 -0.54861756843285
8.79 -0.540867116302735
8.8 -0.533116664172619
8.81 -0.525366212042505
8.82 -0.51761575991239
8.83 -0.509865307782276
8.84 -0.502114855652161
8.85 -0.494364403522046
8.86 -0.486613951391932
8.87 -0.478863499261817
8.88 -0.471113047131701
8.89 -0.463362595001586
8.9 -0.455612142871472
8.91 -0.447861690741357
8.92 -0.440111238611243
8.93 -0.432360786481128
8.94 -0.424610334351013
8.95 -0.416859882220899
8.96 -0.409109430090783
8.97 -0.401358977960668
8.98 -0.393608525830554
8.99 -0.385858073700439
